328 23 0 100
297 110 0 101
243 132 0 102
470 135 0 103
293 142 0 104
210 170 0 105
172 173 0 106
136 174 0 107
418 175 0 108
123 183 0 109
132 196 0 110
245 204 0 111
203 218 0 112
316 221 0 113
393 220 0 114
274 229 0 115
408 241 0 116
41 254 0 117
284 254 0 118
375 255 0 119
30 261 0 120
250 271 0 121
384 278 0 122
362 315 0 123
31 336 0 124
18 353 0 125
311 360 0 126
196 365 0 127
266 387 0 128
359 397 0 129
496 408 0 130
232 411 0 131
481 410 0 132
339 423 0 133
207 434 0 134
412 466 0 135
419 492 0 136
202 501 0 137
327 24 5 100
296 113 5 101
244 131 5 102
469 134 5 103
300 144 5 104
136 173 5 107
176 173 5 106
212 173 5 105
418 173 5 108
119 181 5 109
130 198 5 110
245 207 5 111
205 219 5 112
395 218 5 114
276 226 5 115
313 226 5 113
409 240 5 116
44 249 5 117
282 252 5 118
31 261 5 120
49 260 5 138
373 261 5 119
249 272 5 121
387 275 5 122
369 305 5 123
29 336 5 124
16 349 5 125
313 359 5 126
195 365 5 127
261 390 5 128
359 399 5 129
497 406 5 139
479 409 5 132
227 411 5 131
498 416 5 130
337 421 5 133
208 433 5 134
413 466 5 135
421 493 5 136
372 503 5 140
96 505 5 141
197 507 5 137
322 23 10 100
289 117 10 101
242 133 10 102
466 136 10 103
318 144 10 104
505 151 10 142
418 169 10 108
142 171 10 107
184 171 10 106
117 178 10 109
212 181 10 105
128 200 10 110
244 211 10 111
202 220 10 112
393 220 10 114
277 223 10 115
308 233 10 113
408 240 10 116
43 245 10 117
275 253 10 118
32 262 10 120
59 265 10 138
246 274 10 121
370 277 10 119
383 280 10 122
379 297 10 123
23 340 10 124
12 355 10 125
315 358 10 126
195 362 10 127
290 376 10 29
256 393 10 128
358 401 10 129
219 403 10 131
476 409 10 132
490 419 10 139
337 421 10 133
206 433 10 134
412 467 10 135
422 492 10 136
322 21 15 100
285 118 15 101
238 132 15 102
465 136 15 103
330 146 15 104
418 167 15 108
140 170 15 107
187 171 15 106
112 175 15 109
212 181 15 105
127 199 15 110
245 216 15 111
202 219 15 112
277 220 15 115
391 223 15 114
35 236 15 117
304 238 15 113
409 239 15 116
271 253 15 118
30 264 15 120
66 267 15 138
387 274 15 122
244 276 15 121
368 284 15 119
384 288 15 123
30 333 15 143
22 337 15 124
10 354 15 125
194 359 15 127
316 358 15 126
288 377 15 29
251 395 15 128
216 399 15 131
358 402 15 129
473 407 15 132
494 416 15 144
488 418 15 139
337 420 15 133
209 431 15 134
406 466 15 135
426 491 15 136
412 503 15 145
196 509 15 146
320 19 20 100
285 119 20 101
239 134 20 102
462 136 20 103
339 148 20 104
419 160 20 108
138 168 20 107
189 169 20 106
111 172 20 109
212 184 20 105
124 200 20 110
245 219 20 111
202 220 20 112
280 220 20 115
386 230 20 114
35 234 20 117
300 241 20 113
409 240 20 116
268 255 20 118
30 267 20 120
71 270 20 138
390 273 20 122
244 277 20 121
367 277 20 119
381 284 20 123
18 333 20 124
316 357 20 126
194 358 20 127
284 379 20 29
216 395 20 131
249 397 20 128
358 403 20 129
470 406 20 132
487 417 20 139
336 419 20 133
209 430 20 134
396 463 20 135
431 493 20 136
354 503 20 147
406 502 20 145
201 508 20 148
319 18 25 100
10 110 25 149
283 119 25 101
239 135 25 102
457 134 25 103
344 153 25 104
419 154 25 108
135 165 25 107
191 167 25 106
109 171 25 109
211 192 25 105
121 201 25 110
245 219 25 111
283 220 25 115
201 225 25 112
34 230 25 117
385 232 25 114
411 241 25 116
297 244 25 113
264 257 25 118
29 263 25 120
76 275 25 138
388 275 25 123
366 278 25 119
245 280 25 121
18 331 25 124
44 333 25 25
194 356 25 127
316 357 25 126
280 380 25 29
219 391 25 131
248 397 25 128
359 403 25 129
468 406 25 132
334 416 25 133
487 416 25 139
218 426 25 150
209 434 25 134
385 463 25 135
432 494 25 136
398 496 25 145
447 500 25 151
252 507 25 152
317 19 30 100
9 110 30 153
282 120 30 101
238 134 30 102
455 135 30 103
417 150 30 108
132 161 30 107
347 160 30 104
195 167 30 106
107 172 30 109
213 201 30 105
120 203 30 110
245 214 30 111
288 219 30 115
33 229 30 117
196 228 30 112
385 232 30 114
413 240 30 116
294 246 30 113
30 249 30 120
264 256 30 118
378 272 30 154
383 273 30 155
79 277 30 138
366 280 30 119
245 282 30 121
17 329 30 124
45 333 30 25
198 358 30 127
314 358 30 126
509 374 30 156
277 382 30 29
224 389 30 131
248 399 30 128
359 403 30 129
466 406 30 132
332 412 30 133
488 415 30 139
223 424 30 157
210 428 30 150
374 461 30 135
392 493 30 145
436 497 30 136
254 502 30 152
329 14 35 158
318 20 35 100
20 117 35 153
278 122 35 101
238 135 35 102
454 135 35 103
416 147 35 108
132 159 35 107
349 167 35 104
201 168 35 106
105 171 35 109
217 204 35 105
118 206 35 110
244 211 35 111
291 221 35 115
27 224 35 117
193 230 35 112
384 230 35 114
41 236 35 120
415 241 35 116
291 250 35 113
263 256 35 118
377 261 35 154
385 274 35 159
364 277 35 119
84 279 35 138
387 280 35 160
247 285 35 121
14 326 35 124
53 335 35 25
312 357 35 126
504 377 35 156
213 379 35 161
273 383 35 29
228 385 35 131
249 395 35 128
359 404 35 129
244 406 35 162
464 406 35 132
330 410 35 133
488 416 35 139
210 430 35 150
367 459 35 135
380 496 35 145
256 498 35 152
440 499 35 136
316 8 40 163
330 13 40 158
21 116 40 153
283 124 40 101
238 134 40 102
451 134 40 103
411 144 40 108
137 156 40 107
102 167 40 109
207 170 40 106
356 175 40 104
218 204 40 105
115 207 40 110
243 209 40 111
294 218 40 115
15 223 40 117
383 227 40 114
49 229 40 120
189 228 40 112
417 241 40 116
263 251 40 118
281 256 40 113
381 259 40 154
363 278 40 119
86 281 40 138
249 287 40 121
10 320 40 124
58 335 40 25
311 355 40 126
499 377 40 156
272 381 40 29
212 384 40 161
229 385 40 131
252 389 40 128
243 405 40 162
462 405 40 132
328 407 40 133
359 407 40 129
488 414 40 139
210 431 40 150
361 457 40 135
261 493 40 152
374 495 40 145
439 498 40 136
502 507 40 164
427 508 40 165
310 6 45 163
317 21 45 1
20 115 45 153
285 127 45 101
239 135 45 102
407 142 45 108
149 153 45 107
101 164 45 109
211 173 45 106
362 182 45 104
112 209 45 110
214 210 45 105
243 212 45 111
297 215 45 115
385 222 45 114
43 227 45 120
185 227 45 112
10 228 45 117
421 240 45 116
272 242 45 118
279 260 45 113
360 280 45 119
89 283 45 138
383 282 45 23
250 288 45 121
9 317 45 124
66 334 45 25
310 356 45 126
493 373 45 156
274 379 45 29
231 382 45 131
215 386 45 161
252 390 45 128
325 405 45 133
460 406 45 132
358 411 45 129
488 415 45 139
212 433 45 150
352 458 45 135
267 493 45 152
367 497 45 145
424 503 45 136
503 503 45 164
310 509 45 166
307 10 50 163
329 14 50 1
25 116 50 153
288 127 50 101
239 135 50 102
402 141 50 108
162 152 50 107
104 160 50 109
216 178 50 106
364 185 50 104
107 207 50 110
301 210 50 115
206 217 50 105
383 217 50 114
242 218 50 111
33 225 50 120
183 226 50 112
8 236 50 117
274 238 50 118
422 240 50 116
393 245 50 167
275 263 50 113
91 281 50 138
359 283 50 119
383 283 50 23
249 288 50 121
8 313 50 124
72 330 50 25
310 355 50 126
486 373 50 156
230 380 50 131
272 382 50 29
220 392 50 161
248 394 50 128
322 405 50 133
455 406 50 132
485 413 50 139
357 417 50 129
224 433 50 150
344 455 50 135
270 493 50 152
502 497 50 164
355 499 50 145
397 503 50 168
417 502 50 136
313 506 50 169
318 12 55 170
332 12 55 1
313 26 55 1
29 116 55 153
293 130 55 101
436 134 55 4
401 138 55 108
244 140 55 102
109 156 55 109
186 157 55 171
223 187 55 106
365 186 55 104
105 205 55 110
307 204 55 115
384 210 55 114
182 220 55 112
243 224 55 111
196 226 55 105
277 230 55 118
397 238 55 167
10 240 55 117
421 243 55 116
274 266 55 113
92 276 55 138
358 284 55 119
380 285 55 23
249 288 55 121
2 310 55 124
77 319 55 25
310 355 55 126
482 372 55 156
227 381 55 131
270 384 55 29
248 395 55 172
249 399 55 128
321 405 55 133
453 405 55 132
484 412 55 139
355 417 55 129
230 435 55 150
340 452 55 135
273 488 55 152
346 496 55 145
499 497 55 164
415 503 55 136
315 505 55 169
253 508 55 173
252 10 60 174
320 11 60 170
310 25 60 1
29 114 60 153
299 133 60 101
399 134 60 108
433 134 60 4
254 156 60 6
208 167 60 175
365 187 60 104
231 192 60 106
309 199 60 115
383 203 60 114
101 206 60 110
179 210 60 112
11 223 60 14
191 229 60 105
242 228 60 111
277 228 60 118
398 238 60 167
8 248 60 117
417 248 60 116
92 269 60 138
273 268 60 113
380 283 60 23
246 286 60 121
355 287 60 119
83 307 60 25
309 357 60 126
473 375 60 156
224 382 60 131
265 388 60 29
238 396 60 31
318 407 60 133
451 406 60 132
248 408 60 128
483 411 60 139
355 418 60 129
238 442 60 150
325 451 60 135
276 484 60 152
363 487 60 40
509 498 60 176
340 499 60 145
489 500 60 164
315 503 60 169
417 505 60 136
256 507 60 173
405 507 60 177
319 11 65 170
253 20 65 174
307 25 65 1
26 112 65 153
397 133 65 108
303 135 65 101
433 136 65 4
258 163 65 6
222 175 65 175
362 191 65 104
236 195 65 106
315 196 65 115
381 198 65 114
100 205 65 110
180 204 65 112
10 228 65 14
278 229 65 118
188 230 65 105
242 231 65 111
400 232 65 167
415 249 65 116
10 251 65 117
94 264 65 138
273 269 65 113
243 285 65 121
379 285 65 23
354 287 65 119
90 292 65 25
304 359 65 126
466 376 65 156
219 382 65 131
262 391 65 29
233 405 65 31
452 406 65 132
314 408 65 133
482 411 65 139
349 415 65 129
248 416 65 128
242 445 65 150
317 449 65 135
279 475 65 152
253 477 65 40
358 493 65 40
315 503 65 169
335 503 65 145
479 502 65 164
401 506 65 177
417 507 65 136
499 506 65 48
314 10 70 170
304 23 70 1
256 28 70 174
24 112 70 153
393 135 70 108
303 137 70 101
436 139 70 4
119 146 70 7
265 174 70 6
230 183 70 175
317 194 70 115
361 195 70 104
181 196 70 112
381 197 70 114
240 198 70 106
96 202 70 110
14 231 70 14
186 230 70 105
397 231 70 167
243 232 70 111
278 236 70 118
412 251 70 116
9 255 70 117
95 258 70 138
274 270 70 113
239 282 70 121
352 288 70 119
377 288 70 23
86 295 70 25
299 361 70 126
463 377 70 156
214 381 70 131
262 395 70 178
354 403 70 179
466 406 70 132
307 411 70 133
483 411 70 139
234 414 70 31
351 415 70 129
250 423 70 128
509 449 70 180
313 450 70 135
244 455 70 150
283 468 70 152
255 485 70 40
361 494 70 40
498 501 70 48
315 503 70 169
383 503 70 177
473 503 70 164
335 506 70 145
318 4 75 181
306 16 75 1
260 36 75 174
21 110 75 153
384 136 75 108
311 139 75 101
128 140 75 7
439 148 75 4
269 180 75 6
234 188 75 175
190 193 75 112
319 194 75 115
383 194 75 114
89 196 75 110
248 197 75 9
358 200 75 104
37 217 75 182
184 227 75 105
243 233 75 111
396 232 75 167
281 242 75 183
96 245 75 138
411 252 75 116
14 257 75 117
273 271 75 113
228 275 75 121
352 284 75 119
377 289 75 23
83 297 75 25
293 363 75 126
462 377 75 156
212 379 75 131
353 388 75 179
260 396 75 178
463 409 75 132
305 410 75 133
481 411 75 139
350 413 75 129
234 415 75 31
248 426 75 128
507 432 75 180
319 450 75 135
284 464 75 152
254 467 75 43
255 489 75 40
359 495 75 40
473 496 75 164
371 499 75 177
497 500 75 48
317 502 75 169
337 508 75 145
309 2 80 181
304 27 80 1
258 39 80 174
20 109 80 153
137 135 80 7
378 138 80 108
304 143 80 101
439 153 80 4
272 181 80 6
87 182 80 110
382 188 80 114
322 193 80 115
201 194 80 112
235 199 80 175
356 205 80 104
265 209 80 9
49 213 80 182
180 215 80 16
396 226 80 167
91 228 80 138
244 232 80 111
410 252 80 116
17 260 80 117
389 266 80 184
220 271 80 121
271 272 80 113
364 276 80 185
349 283 80 119
75 307 80 25
290 366 80 126
211 377 80 131
355 378 80 179
447 378 80 156
256 398 80 178
464 410 80 132
484 410 80 139
304 412 80 133
349 413 80 129
236 416 80 31
501 430 80 180
247 436 80 128
313 453 80 186
285 455 80 152
324 455 80 135
256 475 80 43
470 492 80 164
256 495 80 40
368 496 80 177
495 497 80 48
318 502 80 169
336 509 80 145
307 29 85 1
256 41 85 174
18 108 85 153
145 134 85 7
309 137 85 101
379 148 85 108
444 152 85 4
295 156 85 187
432 163 85 188
93 166 85 110
273 185 85 6
375 185 85 114
326 194 85 115
207 197 85 112
225 208 85 175
354 209 85 104
52 211 85 182
268 212 85 9
182 214 85 16
89 218 85 138
397 225 85 167
245 230 85 111
291 239 85 189
413 249 85 116
396 251 85 190
390 264 85 184
212 267 85 121
268 267 85 113
10 268 85 117
367 278 85 185
346 285 85 119
65 315 85 25
287 371 85 126
357 374 85 179
209 376 85 131
441 384 85 156
255 400 85 178
485 410 85 139
463 412 85 132
305 414 85 133
345 417 85 191
235 419 85 31
498 434 85 180
250 446 85 128
312 452 85 186
286 456 85 152
324 457 85 135
260 479 85 43
470 491 85 164
493 493 85 48
365 498 85 177
50 502 85 50
318 503 85 169
260 505 85 40
184 506 85 192
307 31 90 1
254 48 90 174
17 107 90 153
151 134 90 7
302 141 90 101
101 154 90 110
443 160 90 4
382 164 90 108
422 169 90 188
293 171 90 187
270 185 90 6
371 186 90 114
211 197 90 112
329 196 90 115
91 206 90 138
185 211 90 16
220 211 90 175
274 214 90 9
352 215 90 104
60 219 90 182
245 228 90 111
394 229 90 167
293 235 90 189
418 237 90 116
399 245 90 190
271 259 90 113
204 265 90 121
389 264 90 184
367 279 90 185
347 284 90 119
63 317 90 25
285 373 90 126
358 373 90 179
206 376 90 131
436 389 90 156
254 400 90 178
305 412 90 133
350 414 90 191
459 415 90 132
501 416 90 193
234 420 90 31
470 421 90 41
490 445 90 180
251 452 90 128
309 453 90 186
286 457 90 152
325 456 90 135
462 487 90 164
495 493 90 48
53 498 90 50
363 497 90 177
479 501 90 54
182 502 90 192
319 507 90 169
262 508 90 40
305 30 95 1
254 54 95 174
14 105 95 153
279 125 95 194
155 133 95 7
108 143 95 110
448 164 95 4
378 173 95 108
407 181 95 188
299 185 95 187
267 187 95 6
331 192 95 115
91 194 95 138
364 194 95 114
221 202 95 112
187 208 95 16
212 212 95 175
274 216 95 9
391 227 95 167
414 227 95 116
244 228 95 111
86 230 95 195
297 230 95 189
405 240 95 190
278 244 95 196
275 259 95 113
201 264 95 121
384 268 95 184
364 276 95 185
349 281 95 119
71 303 95 25
287 371 95 126
201 375 95 131
359 375 95 179
430 393 95 156
350 411 95 191
452 414 95 132
234 419 95 31
253 419 95 178
303 419 95 133
468 425 95 197
500 426 95 193
482 441 95 180
325 453 95 135
252 459 95 128
306 459 95 186
286 461 95 152
495 491 95 48
451 492 95 164
55 497 95 50
182 497 95 192
355 497 95 177
475 497 95 54
263 509 95 40
