329 24 0 100
299 112 0 101
244 133 0 102
470 134 0 103
211 169 0 104
139 172 0 105
175 174 0 106
419 176 0 107
120 180 0 108
133 197 0 109
246 205 0 110
202 218 0 111
316 221 0 112
393 220 0 113
274 230 0 114
407 240 0 115
43 256 0 116
283 254 0 117
377 254 0 118
31 261 0 119
250 272 0 120
384 279 0 121
31 336 0 122
17 353 0 123
311 361 0 124
195 365 0 125
297 370 0 126
266 388 0 127
359 397 0 128
233 411 0 129
481 411 0 130
337 422 0 131
206 434 0 132
412 465 0 133
419 492 0 134
203 500 0 135
327 24 9 100
290 117 9 101
243 135 9 102
468 137 9 103
315 146 9 136
419 169 9 107
141 171 9 105
183 172 9 106
117 179 9 108
211 179 9 104
133 203 9 109
245 212 9 110
200 219 9 111
394 219 9 113
278 223 9 114
309 232 9 112
410 239 9 115
43 247 9 137
277 253 9 117
30 261 9 119
375 263 9 118
57 264 9 116
248 275 9 120
387 276 9 121
378 298 9 138
24 339 9 122
12 353 9 123
316 359 9 124
196 363 9 125
294 372 9 126
257 393 9 127
359 401 9 128
222 406 9 129
478 408 9 130
337 421 9 131
206 434 9 132
413 467 9 133
422 492 9 134
195 509 9 135
321 21 18 100
284 120 18 101
240 136 18 102
462 136 18 103
335 147 18 139
419 161 18 107
139 170 18 105
188 171 18 106
112 174 18 108
212 185 18 104
126 200 18 109
246 219 18 110
202 220 18 111
279 220 18 114
388 226 18 113
36 236 18 137
411 239 18 115
299 242 18 112
268 256 18 117
32 268 18 119
72 272 18 116
388 274 18 121
369 276 18 118
244 279 18 120
383 281 18 138
19 336 18 123
316 357 18 124
193 358 18 125
287 379 18 126
214 398 18 129
250 398 18 127
358 403 18 128
472 407 18 130
485 418 18 36
337 420 18 131
206 432 18 132
398 464 18 133
429 492 18 134
409 502 18 140
319 18 27 100
16 113 27 141
281 121 27 101
454 134 27 103
239 136 27 102
419 152 27 107
346 155 27 139
134 165 27 105
192 168 27 106
108 173 27 108
210 195 27 104
122 203 27 109
246 217 27 110
285 219 27 114
199 226 27 111
32 229 27 137
385 230 27 113
412 240 27 115
295 246 27 112
28 257 27 119
264 259 27 117
380 273 27 142
390 275 27 121
78 276 27 116
245 280 27 120
369 286 27 143
370 292 27 138
363 297 27 24
18 328 27 123
196 357 27 125
314 357 27 124
279 380 27 126
222 391 27 129
249 399 27 127
359 404 27 128
467 406 27 130
333 415 27 131
488 415 27 36
219 427 27 144
208 431 27 132
430 495 27 134
397 496 27 140
445 500 27 44
318 18 36 100
22 116 36 141
279 122 36 101
239 135 36 102
453 135 36 103
414 147 36 107
133 160 36 105
105 170 36 108
202 170 36 106
351 170 36 139
118 207 36 109
217 206 36 104
244 207 36 110
290 221 36 114
29 222 36 137
385 228 36 113
192 230 36 111
42 234 36 145
417 240 36 115
393 249 36 146
288 251 36 112
264 255 36 117
86 279 36 116
389 278 36 121
366 280 36 143
247 285 36 120
16 323 36 123
54 335 36 27
311 356 36 124
502 373 36 147
274 382 36 126
227 386 36 129
253 394 36 148
359 404 36 128
465 406 36 130
242 408 36 127
330 409 36 131
489 415 36 36
210 429 36 144
366 459 36 42
377 494 36 140
259 497 36 47
439 499 36 134
311 509 36 149
318 22 45 100
21 115 45 141
285 127 45 101
240 136 45 102
449 136 45 103
407 141 45 107
149 153 45 105
102 164 45 108
211 173 45 106
361 182 45 139
113 210 45 109
214 210 45 104
244 212 45 110
299 218 45 114
385 221 45 113
44 227 45 145
186 228 45 111
12 230 45 137
422 240 45 115
272 242 45 117
391 251 45 21
278 261 45 112
360 281 45 143
387 280 45 121
90 284 45 116
249 288 45 120
10 315 45 123
65 336 45 27
311 357 45 124
483 372 45 147
274 380 45 126
230 382 45 129
253 392 45 148
325 406 45 131
461 406 45 130
359 413 45 128
488 414 45 36
238 419 45 127
213 434 45 144
350 458 45 42
268 494 45 47
366 497 45 140
499 503 45 45
423 502 45 134
311 508 45 149
314 26 54 100
29 117 54 141
292 130 54 101
435 132 54 103
243 141 54 102
401 140 54 107
181 157 54 150
221 186 54 106
364 186 54 139
104 206 54 109
306 208 54 114
383 212 54 113
20 220 54 151
183 221 54 111
243 222 54 110
196 224 54 152
276 232 54 117
8 241 54 137
397 241 54 21
421 243 54 115
274 266 54 112
93 276 54 116
383 281 54 121
357 284 54 143
250 290 54 120
3 310 54 123
74 323 54 27
310 357 54 124
480 372 54 147
229 379 54 129
270 383 54 126
233 396 54 36
249 402 54 148
454 405 54 130
321 406 54 131
484 411 54 36
356 417 54 128
230 435 54 144
338 452 54 42
347 496 54 140
500 496 54 45
413 504 54 134
251 507 54 153
314 506 54 149
323 11 63 154
308 25 63 100
27 114 63 141
302 135 63 101
393 136 63 107
432 136 63 103
112 152 63 6
217 172 63 106
364 189 63 139
233 196 63 155
312 198 63 114
380 199 63 113
181 205 63 111
100 206 63 109
11 226 63 151
278 228 63 117
188 231 63 152
243 231 63 110
401 238 63 21
416 248 63 115
12 252 63 137
94 263 63 116
273 269 63 112
380 283 63 121
244 285 63 120
354 288 63 143
86 297 63 156
307 358 63 124
485 371 63 157
479 373 63 158
465 375 63 147
221 382 63 129
264 390 63 126
234 407 63 36
452 406 63 130
315 408 63 131
483 411 63 36
250 414 63 148
356 419 63 128
241 445 63 144
279 477 63 47
254 483 63 159
340 498 63 140
315 503 63 149
481 503 63 160
404 507 63 161
417 507 63 134
499 506 63 45
321 11 72 154
303 23 72 100
259 33 72 1
24 112 72 141
386 135 72 107
305 137 72 101
122 143 72 162
437 144 72 103
266 177 72 8
185 193 72 111
317 195 72 114
381 195 72 113
360 197 72 139
241 200 72 155
94 202 72 109
180 220 72 163
18 226 72 164
187 231 72 152
244 232 72 110
398 234 72 21
2 240 72 151
276 241 72 117
412 251 72 115
95 253 72 116
10 256 72 137
273 270 72 112
235 280 72 120
349 287 72 143
378 289 72 121
84 298 72 156
296 362 72 124
462 375 72 147
215 378 72 129
261 395 72 126
353 399 72 165
465 406 72 130
306 410 72 131
480 411 72 36
350 412 72 128
235 416 72 36
250 425 72 148
507 439 72 166
310 453 72 43
253 461 72 144
283 465 72 47
255 489 72 48
358 494 72 50
372 498 72 167
474 499 72 160
316 503 72 149
496 503 72 45
338 506 72 140
420 507 72 161
314 4 81 0
257 41 81 1
20 110 81 141
138 136 81 162
376 140 81 107
301 142 81 101
442 155 81 103
89 178 81 168
275 189 81 8
382 189 81 113
199 195 81 111
322 194 81 114
235 201 81 9
271 203 81 11
358 203 81 139
178 213 81 169
52 215 81 170
92 226 81 171
398 227 81 21
245 231 81 110
412 252 81 115
16 263 81 137
390 266 81 172
219 271 81 120
270 272 81 112
364 278 81 121
349 285 81 143
71 311 81 156
288 369 81 124
355 375 81 173
467 376 81 147
211 377 81 129
256 399 81 126
349 410 81 128
465 410 81 130
488 412 81 36
305 414 81 131
236 418 81 148
502 435 81 174
310 455 81 175
324 457 81 43
285 459 81 47
258 477 81 144
470 493 81 160
257 497 81 48
366 498 81 50
494 499 81 45
317 503 81 149
333 507 81 140
47 509 81 176
421 509 81 161
306 31 90 1
255 49 90 1
16 107 90 141
150 133 90 162
302 142 90 101
102 153 90 177
443 162 90 103
380 168 90 178
426 170 90 179
369 185 90 113
273 188 90 8
210 197 90 111
328 197 90 114
91 205 90 180
231 204 90 9
185 211 90 169
218 211 90 181
275 215 90 11
354 214 90 139
60 218 90 170
246 228 90 110
395 228 90 21
295 235 90 22
417 237 90 115
397 246 90 182
271 260 90 112
390 265 90 172
205 266 90 120
367 282 90 121
348 284 90 143
61 316 90 156
285 373 90 124
359 373 90 173
206 376 90 129
436 387 90 34
254 400 90 126
305 411 90 131
350 413 90 128
234 418 90 148
474 419 90 43
495 418 90 36
458 420 90 130
441 425 90 44
487 443 90 174
310 453 90 45
325 457 90 43
286 459 90 47
366 486 90 50
461 488 90 160
494 491 90 53
264 495 90 144
362 498 90 57
52 500 90 176
479 500 90 45
183 502 90 183
319 507 90 149
266 509 90 48
304 32 99 1
252 60 99 1
12 104 99 141
261 117 99 184
159 134 99 162
112 138 99 177
447 168 99 103
375 170 99 178
92 177 99 185
380 183 99 186
301 185 99 8
266 186 99 8
330 194 99 114
395 195 99 187
368 197 99 113
354 199 99 139
189 208 99 169
272 221 99 11
304 223 99 188
410 224 99 115
91 227 99 189
246 229 99 110
388 229 99 21
339 232 99 21
285 236 99 22
406 237 99 182
198 264 99 120
275 264 99 112
369 275 99 121
83 279 99 190
347 284 99 143
290 372 99 124
197 377 99 129
361 376 99 173
425 397 99 34
395 407 99 191
350 410 99 128
302 413 99 192
454 413 99 44
300 422 99 131
235 424 99 148
250 426 99 193
463 435 99 130
496 442 99 194
484 444 99 195
475 450 99 174
325 455 99 43
287 463 99 47
253 465 99 48
263 479 99 51
494 484 99 53
179 495 99 183
447 495 99 160
471 495 99 45
495 497 99 58
273 500 99 48
352 500 99 57
54 505 99 176
