318 8 0 100
330 24 0 101
298 111 0 102
244 134 0 103
470 134 0 104
294 142 0 105
210 169 0 106
136 172 0 107
172 172 0 108
418 176 0 109
120 178 0 110
132 195 0 111
245 203 0 112
203 218 0 113
316 221 0 114
273 230 0 115
408 241 0 116
284 252 0 117
45 258 0 118
30 259 0 119
248 272 0 120
384 279 0 121
357 323 0 122
31 335 0 123
16 353 0 124
310 359 0 125
195 365 0 126
296 367 0 127
264 388 0 128
359 398 0 129
232 411 0 130
480 410 0 131
338 421 0 132
207 434 0 133
412 467 0 134
76 481 0 135
419 494 0 136
202 500 0 137
314 2 1 100
330 24 1 101
299 111 1 102
245 133 1 103
469 134 1 104
294 141 1 105
210 169 1 106
138 171 1 107
172 172 1 108
419 175 1 109
119 178 1 110
132 195 1 111
245 203 1 112
202 216 1 113
316 220 1 114
274 229 1 115
407 241 1 116
284 252 1 117
46 258 1 118
30 260 1 119
249 272 1 120
385 278 1 121
357 322 1 122
32 335 1 123
19 350 1 124
312 359 1 125
195 365 1 126
295 369 1 127
264 388 1 128
359 398 1 129
479 409 1 131
232 411 1 130
338 421 1 132
206 434 1 133
412 466 1 134
79 483 1 135
419 494 1 136
201 502 1 137
388 504 1 138
330 24 2 101
298 113 2 102
244 134 2 103
469 134 2 104
295 142 2 105
210 170 2 106
138 172 2 107
174 172 2 108
419 175 2 109
120 178 2 110
132 197 2 111
245 205 2 112
202 218 2 113
316 223 2 114
274 230 2 115
408 241 2 116
282 252 2 117
376 257 2 20
31 261 2 119
48 260 2 118
250 272 2 120
385 278 2 121
357 323 2 122
31 335 2 123
19 351 2 124
312 360 2 125
195 365 2 126
295 371 2 127
263 389 2 128
359 399 2 129
479 409 2 131
231 411 2 130
484 419 2 139
337 421 2 132
207 435 2 133
412 467 2 134
81 485 2 135
420 495 2 136
200 503 2 137
329 24 3 101
297 113 3 102
246 134 3 103
469 135 3 104
296 142 3 105
210 170 3 106
138 172 3 107
174 172 3 108
418 175 3 109
119 180 3 110
132 198 3 111
245 205 3 112
202 218 3 113
314 223 3 114
274 229 3 115
409 240 3 116
41 249 3 17
282 252 3 117
375 258 3 20
31 261 3 119
49 261 3 118
249 272 3 120
385 277 3 121
357 322 3 122
30 335 3 123
12 346 3 140
21 352 3 124
312 360 3 125
195 365 3 126
296 371 3 127
262 389 3 128
359 399 3 129
479 409 3 131
230 411 3 130
493 412 3 141
337 421 3 132
205 435 3 133
412 466 3 134
84 488 3 135
419 495 3 136
199 503 3 137
329 24 4 101
297 114 4 102
239 133 4 103
469 136 4 104
298 143 4 105
211 171 4 106
139 172 4 107
176 172 4 108
418 174 4 109
120 179 4 110
130 199 4 111
245 205 4 112
203 218 4 113
315 224 4 114
275 228 4 115
409 240 4 116
43 249 4 17
282 251 4 117
376 259 4 20
50 261 4 118
31 262 4 119
248 272 4 120
385 276 4 121
358 321 4 122
30 335 4 123
13 347 4 140
20 352 4 124
312 359 4 125
195 365 4 126
294 372 4 127
261 391 4 128
359 400 4 129
478 409 4 131
228 411 4 130
496 414 4 142
337 421 4 132
204 435 4 133
412 467 4 134
83 491 4 135
420 495 4 136
198 506 4 137
328 24 5 101
296 114 5 102
236 132 5 103
468 135 5 104
301 143 5 105
178 171 5 108
139 172 5 107
211 172 5 106
419 173 5 109
119 180 5 110
130 200 5 111
244 206 5 112
203 219 5 113
276 227 5 115
313 226 5 114
410 239 5 116
44 248 5 17
281 251 5 117
31 261 5 119
51 261 5 118
377 260 5 20
247 272 5 120
386 274 5 121
29 336 5 123
14 348 5 140
19 350 5 124
313 359 5 125
194 364 5 126
292 374 5 127
259 392 5 128
359 400 5 129
477 409 5 131
227 410 5 130
496 418 5 142
336 421 5 132
486 420 5 38
206 435 5 133
413 467 5 134
421 494 5 136
95 504 5 135
197 508 5 137
327 24 6 101
294 115 6 102
238 131 6 103
467 135 6 104
299 144 6 105
179 171 6 108
418 171 6 109
138 172 6 107
211 173 6 106
118 180 6 110
130 200 6 111
244 209 6 112
202 219 6 113
276 225 6 115
312 227 6 114
410 238 6 116
43 247 6 17
281 251 6 117
31 261 6 119
52 262 6 118
378 263 6 20
246 272 6 120
371 299 6 25
28 337 6 123
13 348 6 143
20 351 6 140
314 358 6 125
195 364 6 126
291 375 6 127
258 392 6 128
359 400 6 129
224 408 6 130
476 408 6 131
487 419 6 142
336 421 6 132
205 435 6 133
413 467 6 134
420 494 6 136
100 509 6 135
195 508 6 137
326 24 7 101
292 115 7 102
238 131 7 103
467 136 7 104
305 144 7 105
138 171 7 107
418 170 7 109
181 172 7 108
211 174 7 106
117 180 7 110
131 201 7 111
244 210 7 112
203 220 7 113
276 224 7 115
312 228 7 114
410 239 7 116
42 246 7 17
280 251 7 117
31 262 7 119
54 263 7 118
374 263 7 20
245 273 7 120
372 300 7 25
26 339 7 123
11 349 7 143
315 358 7 125
195 364 7 126
291 375 7 127
256 393 7 128
359 401 7 129
223 407 7 130
475 408 7 131
498 417 7 144
336 421 7 132
485 420 7 142
206 436 7 133
413 467 7 134
421 494 7 136
194 508 7 137
325 23 8 101
291 116 8 102
237 130 8 103
467 135 8 104
309 144 8 105
418 169 8 109
139 170 8 107
182 172 8 108
212 177 8 106
116 179 8 110
130 201 8 111
244 211 8 112
392 213 8 145
204 220 8 113
277 223 8 115
310 230 8 114
410 238 8 116
42 245 8 17
278 252 8 117
31 261 8 119
55 263 8 118
373 265 8 20
245 273 8 120
371 300 8 25
26 341 8 123
10 351 8 143
314 358 8 125
195 363 8 126
290 375 8 127
256 393 8 128
359 401 8 129
223 404 8 130
475 408 8 131
499 417 8 146
486 419 8 142
336 421 8 132
206 435 8 133
412 467 8 134
421 493 8 136
324 22 9 101
290 116 9 102
237 130 9 103
467 135 9 104
313 144 9 105
419 169 9 109
141 171 9 107
182 171 9 108
114 177 9 110
212 179 9 106
130 202 9 111
245 212 9 112
202 219 9 113
278 222 9 115
309 232 9 114
410 239 9 116
43 245 9 17
277 252 9 117
31 262 9 119
56 264 9 118
373 268 9 20
245 273 9 120
377 298 9 25
24 339 9 123
10 354 9 143
316 358 9 125
195 363 9 126
290 377 9 127
256 393 9 128
359 401 9 129
221 404 9 130
476 408 9 131
500 417 9 146
486 419 9 142
337 421 9 132
206 435 9 133
412 467 9 134
422 493 9 136
323 22 10 101
289 117 10 102
240 133 10 103
466 136 10 104
317 144 10 105
419 169 10 109
142 171 10 107
183 172 10 108
114 177 10 110
211 181 10 106
129 201 10 111
244 212 10 112
202 219 10 113
277 222 10 115
308 233 10 114
409 239 10 116
42 244 10 17
275 252 10 117
31 262 10 119
59 265 10 118
371 272 10 20
243 275 10 120
379 297 10 25
24 338 10 123
11 354 10 143
315 358 10 125
195 363 10 126
289 377 10 127
254 393 10 128
358 401 10 129
219 403 10 130
475 408 10 131
486 419 10 146
337 422 10 132
204 434 10 133
412 468 10 134
422 493 10 136
386 500 10 147
322 21 11 101
287 116 11 102
240 133 11 103
466 136 11 104
320 144 11 105
418 167 11 109
143 170 11 107
184 171 11 108
114 177 11 110
211 181 11 106
127 200 11 111
244 212 11 112
201 218 11 113
277 221 11 115
306 234 11 114
408 239 11 116
42 244 11 17
274 252 11 117
31 262 11 119
61 266 11 118
371 273 11 20
243 275 11 120
384 280 11 148
379 294 11 25
24 337 11 123
12 354 11 143
315 357 11 125
194 362 11 126
288 377 11 127
253 394 11 128
219 402 11 130
358 402 11 129
475 408 11 131
487 419 11 146
337 421 11 132
204 432 11 133
411 467 11 134
422 491 11 136
402 507 11 37
322 21 12 101
286 116 12 102
240 133 12 103
465 135 12 104
323 145 12 105
418 167 12 109
142 169 12 107
186 171 12 108
113 176 12 110
211 181 12 106
127 200 12 111
245 213 12 112
202 218 12 113
276 220 12 115
307 234 12 114
408 239 12 116
41 242 12 17
274 252 12 117
30 261 12 119
64 267 12 118
371 273 12 20
386 273 12 149
244 275 12 120
383 290 12 25
24 337 12 123
12 354 12 143
315 358 12 125
194 360 12 126
287 377 12 127
253 394 12 128
218 401 12 130
358 402 12 129
474 407 12 131
500 416 12 150
486 418 12 146
338 421 12 132
204 432 12 133
411 467 12 134
423 491 12 136
383 496 12 151
407 506 12 37
323 21 13 101
285 117 13 102
238 132 13 103
465 135 13 104
325 145 13 105
418 167 13 109
141 169 13 107
185 171 13 108
112 176 13 110
210 181 13 106
126 199 13 111
244 213 13 112
385 219 13 152
202 220 13 113
276 220 13 115
305 235 13 114
409 239 13 116
39 241 13 17
272 253 13 117
30 263 13 119
66 268 13 118
386 273 13 149
243 275 13 120
371 274 13 20
384 290 13 25
22 337 13 123
11 354 13 143
315 358 13 125
194 360 13 126
287 377 13 127
252 394 13 128
217 400 13 130
358 402 13 129
473 407 13 131
499 416 13 150
486 418 13 146
337 421 13 132
201 432 13 133
409 467 13 134
423 491 13 136
384 501 13 153
406 503 13 37
323 21 14 101
284 118 14 102
237 132 14 103
465 136 14 104
327 145 14 105
417 166 14 109
141 169 14 107
185 172 14 108
112 176 14 110
211 183 14 106
126 199 14 111
245 214 14 112
277 219 14 115
202 220 14 113
388 222 14 152
304 237 14 114
409 239 14 116
38 241 14 17
271 254 14 117
30 264 14 119
68 269 14 118
387 272 14 149
243 276 14 120
369 278 14 20
383 289 14 25
29 335 14 123
10 354 14 143
315 358 14 125
194 360 14 126
285 378 14 127
252 395 14 128
216 399 14 130
358 403 14 129
473 408 14 131
497 417 14 154
495 418 14 150
338 421 14 132
203 433 14 133
408 467 14 134
424 492 14 136
407 502 14 37
323 21 15 101
284 118 15 102
237 132 15 103
464 135 15 104
329 146 15 105
417 165 15 109
141 169 15 107
186 172 15 108
112 175 15 110
212 181 15 106
126 199 15 111
245 216 15 112
202 219 15 113
277 219 15 115
389 222 15 152
37 238 15 17
303 238 15 114
410 239 15 116
270 254 15 117
30 266 15 119
69 269 15 118
388 271 15 149
243 276 15 120
368 280 15 20
384 288 15 25
30 333 15 155
27 334 15 123
194 359 15 126
315 358 15 125
286 378 15 127
251 395 15 128
216 399 15 130
358 402 15 129
472 407 15 131
486 418 15 150
337 421 15 132
205 434 15 133
406 466 15 134
426 492 15 136
409 501 15 37
323 20 16 101
283 118 16 102
236 132 16 103
464 135 16 104
332 146 16 105
417 165 16 109
140 169 16 107
186 171 16 108
111 175 16 110
211 182 16 106
126 200 16 111
246 217 16 112
279 219 16 115
202 220 16 113
388 223 16 152
34 237 16 17
302 239 16 114
410 239 16 116
269 254 16 117
31 266 16 119
70 270 16 118
389 271 16 149
243 277 16 120
367 281 16 20
384 287 16 25
21 333 16 123
194 359 16 126
315 358 16 125
285 378 16 127
250 395 16 128
215 399 16 130
358 402 16 129
471 408 16 131
486 418 16 150
337 420 16 132
207 434 16 133
404 466 16 134
426 492 16 136
407 501 16 37
323 20 17 101
283 118 17 102
237 133 17 103
463 136 17 104
333 147 17 105
418 164 17 109
139 168 17 107
187 171 17 108
111 174 17 110
211 183 17 106
125 200 17 111
245 219 17 112
280 218 17 115
202 220 17 113
389 225 17 152
34 235 17 17
410 239 17 116
300 240 17 114
268 254 17 117
30 268 17 119
71 271 17 118
389 271 17 149
243 277 17 120
367 280 17 20
382 286 17 25
36 329 17 25
19 333 17 123
193 358 17 126
316 358 17 125
284 379 17 127
250 396 17 128
215 398 17 130
358 402 17 129
471 408 17 131
486 417 17 150
336 420 17 132
207 434 17 133
403 465 17 134
427 493 17 136
406 501 17 37
322 20 18 101
284 119 18 102
237 133 18 103
461 135 18 104
335 147 18 105
418 161 18 109
138 169 18 107
188 171 18 108
113 173 18 110
212 183 18 106
125 199 18 111
202 219 18 113
281 219 18 115
246 221 18 112
387 226 18 152
36 236 18 17
411 239 18 116
300 241 18 114
268 255 18 117
31 269 18 119
72 272 18 118
387 273 18 149
367 276 18 20
243 278 18 120
383 284 18 25
40 328 18 25
19 335 18 123
193 359 18 126
316 358 18 125
284 379 18 127
215 397 18 130
250 397 18 128
358 402 18 129
469 408 18 131
336 419 18 132
486 418 18 150
209 433 18 133
399 465 18 134
427 493 18 136
443 498 18 40
406 501 18 37
358 505 18 156
321 20 19 101
285 119 19 102
236 132 19 103
461 136 19 104
336 147 19 105
419 159 19 109
138 168 19 107
188 170 19 108
111 173 19 110
211 183 19 106
124 200 19 111
280 219 19 115
202 220 19 113
245 220 19 112
384 227 19 152
36 235 19 17
410 238 19 116
300 241 19 114
266 256 19 117
31 268 19 119
72 272 19 118
387 273 19 157
366 276 19 20
243 278 19 120
383 282 19 25
42 326 19 25
18 334 19 123
193 358 19 126
316 358 19 125
283 379 19 127
215 397 19 130
249 397 19 128
358 402 19 129
469 407 19 131
336 419 19 132
486 418 19 150
208 431 19 133
396 463 19 134
429 493 19 136
356 499 19 158
445 499 19 40
404 501 19 37
321 20 20 101
285 119 20 102
236 132 20 103
461 137 20 104
338 147 20 105
418 157 20 109
138 168 20 107
188 169 20 108
111 172 20 110
212 183 20 106
123 202 20 111
281 218 20 115
202 220 20 113
245 221 20 112
382 228 20 152
36 234 20 17
410 239 20 116
300 242 20 114
265 256 20 117
32 267 20 119
73 272 20 118
386 274 20 157
243 278 20 120
372 279 20 20
42 326 20 25
19 333 20 123
316 357 20 125
193 358 20 126
283 379 20 127
215 395 20 130
249 397 20 128
358 403 20 129
469 407 20 131
487 417 20 150
336 419 20 132
209 429 20 133
394 463 20 134
430 494 20 136
402 500 20 37
353 503 20 158
320 20 21 101
283 120 21 102
236 132 21 103
460 136 21 104
339 148 21 105
417 157 21 109
138 166 21 107
188 168 21 108
112 171 21 110
211 185 21 106
123 202 21 111
282 217 21 115
202 220 21 113
245 221 21 112
382 230 21 152
36 233 21 17
410 239 21 116
299 241 21 114
265 256 21 117
31 265 21 119
73 272 21 118
373 277 21 22
243 278 21 120
42 327 21 25
19 332 21 123
193 357 21 126
315 356 21 125
282 379 21 127
215 393 21 130
248 397 21 128
358 403 21 129
468 406 21 131
335 417 21 132
487 417 21 150
209 429 21 133
392 461 21 134
432 494 21 136
399 499 21 37
321 20 22 101
283 120 22 102
236 132 22 103
460 136 22 104
341 148 22 105
417 155 22 109
136 165 22 107
189 168 22 108
113 172 22 110
210 185 22 106
123 201 22 111
284 216 22 115
245 221 22 112
202 222 22 113
35 232 22 17
382 232 22 152
410 240 22 116
299 242 22 114
264 256 22 117
30 263 22 119
73 272 22 118
243 278 22 120
42 327 22 25
18 331 22 123
194 357 22 126
315 356 22 125
281 380 22 127
216 393 22 130
248 397 22 128
358 403 22 129
468 406 22 131
334 417 22 132
487 416 22 150
209 428 22 133
389 461 22 134
432 494 22 136
398 499 22 37
322 509 22 159
320 20 23 101
283 120 23 102
236 132 23 103
459 135 23 104
342 149 23 105
417 155 23 109
136 165 23 107
189 168 23 108
112 172 23 110
210 186 23 106
122 201 23 111
285 217 23 115
245 221 23 112
202 224 23 113
35 231 23 17
387 233 23 152
410 240 23 116
299 243 23 114
263 258 23 117
29 262 23 119
74 273 23 118
365 278 23 24
244 280 23 120
19 330 23 123
315 356 23 125
194 358 23 126
280 380 23 127
218 393 23 130
249 396 23 128
358 403 23 129
468 406 23 131
334 417 23 132
487 416 23 150
210 429 23 133
388 462 23 134
433 494 23 136
348 499 23 40
398 498 23 37
320 19 24 101
2 105 24 160
283 120 24 102
237 133 24 103
458 134 24 104
343 151 24 105
418 154 24 109
136 165 24 107
189 167 24 108
110 171 24 110
211 189 24 106
122 202 24 111
284 218 24 115
245 221 24 112
201 223 24 113
35 231 24 17
411 239 24 116
298 243 24 114
263 259 24 117
28 262 24 119
75 275 24 118
364 278 24 24
244 280 24 120
20 330 24 123
315 357 24 125
195 359 24 126
280 380 24 127
218 393 24 130
249 396 24 128
358 403 24 129
467 406 24 131
334 416 24 132
487 416 24 150
218 427 24 133
386 462 24 134
433 495 24 136
349 497 24 40
398 497 24 37
320 19 25 101
10 110 25 160
283 120 25 102
237 134 25 103
457 134 25 104
508 149 25 161
345 153 25 105
418 154 25 109
136 165 25 107
190 166 25 108
109 170 25 110
211 192 25 106
121 202 25 111
284 218 25 115
245 221 25 112
200 225 25 113
34 230 25 17
384 233 25 16
411 240 25 116
297 244 25 114
263 259 25 117
28 261 25 119
380 272 25 21
76 276 25 118
244 280 25 120
363 280 25 24
20 329 25 123
315 357 25 125
196 359 25 126
279 380 25 127
219 392 25 130
249 396 25 128
358 402 25 129
466 407 25 131
333 416 25 132
487 416 25 150
218 425 25 133
209 434 25 38
384 462 25 134
433 495 25 136
397 496 25 37
319 19 26 101
14 112 26 160
284 120 26 102
238 135 26 103
455 135 26 104
418 153 26 109
345 155 26 105
135 165 26 107
191 166 26 108
109 170 26 110
211 193 26 106
121 203 26 111
285 218 26 115
245 220 26 112
199 225 26 113
33 229 26 17
383 232 26 16
411 240 26 116
296 245 26 114
28 258 26 119
263 259 26 117
381 273 26 21
77 276 26 118
364 279 26 162
244 280 26 120
20 329 26 123
315 357 26 125
195 358 26 126
278 381 26 127
220 391 26 130
249 395 26 128
358 403 26 129
465 407 26 131
333 415 26 132
490 416 26 150
218 426 26 133
207 433 26 38
380 462 26 134
396 495 26 37
432 496 26 136
319 18 27 101
13 112 27 163
283 120 27 102
238 135 27 103
455 136 27 104
418 151 27 109
345 155 27 105
134 164 27 107
192 167 27 108
109 170 27 110
210 195 27 106
121 203 27 111
245 218 27 112
287 218 27 115
197 226 27 113
32 229 27 17
411 239 27 116
296 245 27 114
28 256 27 119
262 260 27 117
380 273 27 21
78 276 27 118
243 280 27 120
20 328 27 123
195 357 27 126
314 357 27 125
278 381 27 127
221 389 27 130
248 395 27 128
358 403 27 129
464 406 27 131
333 414 27 132
489 414 27 150
219 426 27 133
208 431 27 38
378 462 27 134
395 495 27 37
432 496 27 136
319 19 28 101
282 121 28 102
454 135 28 104
238 136 28 103
417 151 28 109
346 157 28 105
133 164 28 107
193 167 28 108
108 171 28 110
212 197 28 106
120 204 28 111
245 217 28 112
287 218 28 115
196 227 28 113
34 230 28 17
412 240 28 116
295 245 28 114
28 253 28 119
263 259 28 117
380 272 28 21
78 277 28 118
244 281 28 120
21 327 28 123
46 332 28 26
195 357 28 126
314 357 28 125
278 381 28 127
222 388 28 130
249 395 28 128
357 401 28 129
464 407 28 131
332 413 28 132
489 414 28 150
219 426 28 133
209 431 28 38
376 461 28 134
394 495 28 37
433 496 28 136
319 18 29 101
4 108 29 1
282 120 29 102
237 134 29 103
453 136 29 104
415 150 29 109
346 159 29 105
133 162 29 107
193 167 29 108
107 172 29 110
213 199 29 106
119 203 29 111
245 216 29 112
287 219 29 115
195 228 29 113
34 230 29 17
412 240 29 116
295 245 29 114
29 250 29 119
263 257 29 117
378 270 29 21
79 277 29 118
244 282 29 120
20 326 29 123
46 333 29 26
195 357 29 126
313 357 29 125
277 381 29 127
222 388 29 130
249 396 29 128
358 402 29 129
464 407 29 131
331 411 29 132
490 415 29 150
222 426 29 133
209 429 29 38
374 461 29 134
391 494 29 37
433 496 29 136
251 500 29 40
319 19 30 101
8 110 30 1
281 119 30 102
237 135 30 103
454 137 30 104
413 148 30 109
132 161 30 107
347 161 30 105
194 167 30 108
106 171 30 110
213 201 30 106
119 204 30 111
245 216 30 112
288 220 30 115
32 229 30 17
194 228 30 113
377 230 30 164
413 239 30 116
294 246 30 114
30 248 30 119
263 257 30 117
378 271 30 21
79 278 30 118
244 283 30 120
18 327 30 123
46 333 30 26
313 357 30 125
198 358 30 126
277 381 30 127
223 389 30 130
249 397 30 128
358 402 30 129
463 407 30 131
331 411 30 132
489 415 30 150
226 425 30 133
209 429 30 38
373 461 30 134
389 494 30 37
252 499 30 40
437 498 30 136
319 19 31 101
9 112 31 1
281 120 31 102
453 136 31 104
239 138 31 103
413 147 31 109
131 160 31 107
346 162 31 105
196 167 31 108
106 171 31 110
214 200 31 106
120 204 31 111
244 214 31 112
289 219 31 115
30 227 31 17
193 228 31 113
378 229 31 164
413 239 31 116
293 245 31 114
263 256 31 117
377 268 31 21
79 278 31 118
244 283 31 120
16 326 31 123
47 332 31 26
312 357 31 125
205 368 31 126
276 382 31 127
222 387 31 130
249 397 31 128
358 401 31 129
462 406 31 131
331 411 31 132
489 415 31 150
230 419 31 133
211 428 31 38
371 460 31 134
387 494 31 37
438 498 31 136
318 19 32 101
11 113 32 1
280 120 32 102
509 135 32 4
238 136 32 103
453 136 32 104
413 147 32 109
130 159 32 107
347 164 32 105
196 168 32 108
106 170 32 110
214 202 32 106
119 205 32 111
243 212 32 112
289 220 32 115
29 228 32 17
192 229 32 113
380 230 32 164
413 240 32 116
292 246 32 114
263 257 32 117
377 266 32 21
81 278 32 118
245 284 32 120
16 326 32 123
49 333 32 26
311 357 32 125
208 373 32 126
275 382 32 127
223 387 32 130
248 395 32 128
358 402 32 129
462 406 32 131
331 410 32 132
489 414 32 150
212 428 32 38
370 460 32 134
386 494 32 37
437 498 32 136
319 19 33 101
15 114 33 1
279 121 33 102
237 134 33 103
451 135 33 104
413 147 33 109
131 160 33 107
348 166 33 105
197 169 33 108
105 170 33 110
118 205 33 111
214 204 33 106
243 211 33 112
288 221 33 115
28 226 33 17
191 228 33 113
413 239 33 116
291 247 33 114
262 257 33 117
375 264 33 21
82 279 33 118
245 284 33 120
15 325 33 123
52 334 33 26
311 356 33 125
210 375 33 126
274 382 33 127
224 387 33 130
250 394 33 128
358 403 33 129
461 406 33 131
330 409 33 132
236 414 33 35
488 415 33 150
212 428 33 38
368 459 33 134
384 495 33 37
437 498 33 136
318 20 34 101
17 116 34 1
278 121 34 102
452 135 34 104
239 139 34 103
415 148 34 109
131 160 34 107
199 168 34 108
349 168 34 105
105 170 34 110
216 205 34 106
118 207 34 111
243 211 34 112
289 222 34 115
25 226 34 17
191 229 34 113
378 228 34 17
37 235 34 165
414 241 34 116
291 248 34 114
263 257 34 117
376 263 34 21
83 280 34 118
245 285 34 120
16 325 34 123
53 335 34 26
311 357 34 125
211 377 34 126
273 383 34 127
225 387 34 130
251 394 34 128
359 403 34 129
462 407 34 131
330 410 34 132
239 412 34 35
488 415 34 150
210 429 34 38
366 459 34 134
383 496 34 37
438 499 34 136
318 20 35 101
20 116 35 1
277 121 35 102
237 134 35 103
453 135 35 104
414 146 35 109
132 160 35 107
349 169 35 105
105 170 35 110
201 170 35 108
217 205 35 106
118 207 35 111
243 210 35 112
289 222 35 115
26 225 35 17
380 229 35 17
192 231 35 113
41 236 35 165
415 241 35 116
290 249 35 114
263 256 35 117
376 261 35 21
84 281 35 118
246 286 35 120
15 325 35 123
54 335 35 26
311 357 35 125
498 375 35 29
213 379 35 126
273 383 35 127
226 386 35 130
251 392 35 128
359 404 35 129
461 407 35 131
330 409 35 132
240 411 35 35
488 415 35 150
210 430 35 38
365 460 35 134
381 496 35 37
439 499 35 136
319 19 36 101
21 117 36 1
279 121 36 102
236 132 36 103
453 136 36 104
413 145 36 109
133 159 36 107
104 170 36 110
202 170 36 108
350 170 36 105
217 205 36 106
117 206 36 111
243 208 36 112
290 221 36 115
27 223 36 17
190 228 36 113
382 228 36 17
43 234 36 165
415 240 36 116
289 250 36 114
263 255 36 117
378 258 36 21
85 281 36 118
246 285 36 120
15 323 36 123
56 334 36 26
312 357 36 125
500 375 36 29
213 381 36 126
273 382 36 127
227 385 36 130
252 391 36 128
359 403 36 129
462 406 36 131
241 409 36 35
330 408 36 132
488 415 36 150
211 430 36 38
364 459 36 134
258 495 36 40
379 495 36 37
439 499 36 136
318 19 37 101
22 118 37 1
280 121 37 102
236 132 37 103
452 135 37 104
413 145 37 109
133 158 37 107
104 169 37 110
203 170 37 108
351 172 37 105
218 205 37 106
117 207 37 111
243 208 37 112
291 220 37 115
24 223 37 17
381 227 37 17
190 229 37 113
46 233 37 165
415 240 37 116
288 251 37 114
262 253 37 117
379 258 37 21
361 276 37 22
85 281 37 118
246 286 37 120
14 323 37 123
57 335 37 26
309 356 37 125
499 373 37 29
272 381 37 127
209 383 37 126
227 384 37 130
252 390 37 128
359 404 37 129
329 407 37 132
461 406 37 131
240 409 37 35
489 415 37 150
210 431 37 38
363 459 37 134
257 495 37 40
376 495 37 37
438 499 37 136
318 18 38 101
23 118 38 1
281 122 38 102
237 133 38 103
451 135 38 104
506 138 38 166
412 144 38 109
133 158 38 107
103 170 38 110
204 171 38 108
353 174 38 105
116 207 38 111
218 206 38 106
243 209 38 112
293 219 38 115
19 224 38 17
189 229 38 113
47 232 38 165
417 240 38 116
264 253 38 117
285 253 38 114
379 257 38 21
363 277 38 22
86 282 38 118
246 286 38 120
14 323 38 123
56 335 38 26
309 356 38 125
498 372 38 29
272 381 38 127
211 385 38 126
225 384 38 130
252 390 38 128
359 405 38 129
328 406 38 132
460 406 38 131
241 408 38 35
490 415 38 150
211 432 38 38
362 458 38 134
359 490 38 167
254 492 38 40
375 495 38 37
439 499 38 136
428 507 38 168
319 19 39 101
23 117 39 1
282 123 39 102
236 132 39 103
449 136 39 104
411 143 39 109
135 157 39 107
103 169 39 110
206 171 39 108
355 175 39 105
219 206 39 106
116 208 39 111
243 209 39 112
294 219 39 115
378 222 39 169
16 224 39 17
189 228 39 113
49 231 39 165
417 241 39 116
263 252 39 117
283 255 39 114
377 257 39 21
363 278 39 22
86 282 39 118
246 287 39 120
14 321 39 123
58 336 39 26
310 356 39 125
497 371 39 29
273 381 39 127
210 385 39 126
227 384 39 130
252 389 39 128
328 406 39 132
360 407 39 129
460 406 39 131
241 408 39 35
503 413 39 170
490 415 39 150
211 431 39 38
361 458 39 134
256 492 39 171
261 492 39 40
373 495 39 37
440 499 39 136
423 505 39 168
319 19 40 101
22 116 40 1
283 123 40 102
236 132 40 103
448 137 40 104
411 142 40 109
137 156 40 107
102 167 40 110
206 170 40 108
356 175 40 105
219 204 40 106
115 209 40 111
243 209 40 112
295 217 40 115
14 224 40 17
381 224 40 169
188 227 40 113
50 230 40 165
418 240 40 116
263 250 40 117
281 256 40 114
362 279 40 22
86 281 40 118
247 287 40 120
12 319 40 123
59 335 40 26
310 356 40 125
495 370 40 29
272 381 40 127
227 383 40 130
213 386 40 126
253 388 40 128
327 406 40 132
359 407 40 129
460 406 40 131
241 408 40 35
490 414 40 150
211 432 40 38
359 456 40 134
256 493 40 172
262 493 40 40
371 495 40 37
439 498 40 136
421 505 40 168
502 508 40 43
318 19 41 101
21 115 41 1
284 124 41 102
238 134 41 103
450 138 41 104
409 140 41 109
138 155 41 107
102 166 41 110
206 171 41 108
357 177 41 105
218 206 41 106
114 208 41 111
243 210 41 112
295 216 41 115
13 224 41 17
381 224 41 169
187 227 41 113
49 229 41 165
418 240 41 116
264 249 41 117
281 257 41 114
362 280 41 22
87 282 41 118
247 288 41 120
10 318 41 123
61 336 41 26
310 356 41 125
492 371 41 29
272 381 41 127
228 385 41 130
215 387 41 126
253 389 41 128
326 406 41 132
460 406 41 131
241 408 41 35
358 408 41 129
488 414 41 150
211 433 41 38
357 457 41 134
257 493 41 173
370 495 41 37
438 499 41 136
421 505 41 168
501 506 41 43
318 19 42 101
21 116 42 1
285 126 42 102
238 135 42 103
451 139 42 104
409 141 42 109
140 155 42 107
102 166 42 110
207 172 42 108
358 179 42 105
114 209 42 111
217 208 42 106
243 211 42 112
296 217 42 115
14 223 42 17
382 224 42 169
47 229 42 165
186 228 42 113
419 240 42 116
266 248 42 117
280 258 42 114
88 283 42 118
361 282 42 22
247 288 42 120
10 317 42 123
64 337 42 26
311 357 42 125
490 372 42 29
273 381 42 127
229 384 42 130
217 388 42 126
253 389 42 128
326 406 42 132
458 407 42 131
242 409 42 35
357 410 42 129
489 414 42 150
211 433 42 38
355 457 42 134
264 494 42 173
370 496 42 37
436 499 42 136
423 507 42 168
502 506 42 43
318 20 43 101
20 116 43 1
285 127 43 102
240 138 43 103
450 137 43 104
407 141 43 109
144 154 43 107
101 165 43 110
208 172 43 108
360 180 43 105
113 209 43 111
216 209 43 106
243 212 43 112
297 216 43 115
383 224 43 169
186 227 43 113
47 229 43 165
419 241 43 116
270 245 43 117
281 258 43 114
360 283 43 22
88 286 43 118
247 288 43 120
10 318 43 123
65 337 43 26
310 357 43 125
487 372 43 29
272 381 43 127
230 383 43 130
217 387 43 126
253 388 43 128
325 405 43 132
355 405 43 174
458 407 43 131
241 413 43 35
488 415 43 150
212 434 43 38
353 458 43 134
261 493 43 173
370 497 43 37
435 499 43 136
502 506 43 43
318 20 44 101
19 115 44 1
284 128 44 102
240 137 44 103
449 136 44 104
406 140 44 109
147 154 44 107
100 164 44 110
209 172 44 108
361 181 44 105
112 209 44 111
215 208 44 106
243 211 44 112
298 216 44 115
383 222 44 169
45 227 44 165
185 227 44 113
420 240 44 116
272 243 44 117
281 258 44 114
89 285 44 118
360 284 44 22
248 288 44 120
10 317 44 123
66 336 44 26
309 357 44 125
486 372 44 29
230 381 44 130
273 380 44 127
216 387 44 126
253 387 44 128
325 405 44 132
458 407 44 131
359 409 44 174
240 415 44 35
488 415 44 150
212 434 44 38
352 458 44 134
367 497 44 37
429 499 44 136
411 501 44 175
503 505 44 43
319 21 45 101
20 115 45 1
504 122 45 3
284 128 45 102
448 137 45 104
241 138 45 103
406 141 45 109
150 154 45 107
102 163 45 110
210 172 45 108
362 182 45 105
111 208 45 111
214 208 45 106
243 213 45 112
299 215 45 115
384 222 45 169
42 226 45 165
185 227 45 113
9 228 45 16
421 239 45 116
272 242 45 117
279 260 45 114
89 284 45 118
360 284 45 22
248 288 45 120
10 317 45 123
67 335 45 26
308 356 45 125
486 373 45 29
273 379 45 127
231 381 45 130
216 387 45 126
252 389 45 128
324 403 45 132
457 407 45 131
358 413 45 174
488 414 45 150
214 434 45 38
350 458 45 134
266 493 45 42
365 497 45 37
422 502 45 136
502 504 45 43
319 22 46 101
21 116 46 1
284 127 46 102
447 135 46 104
241 137 46 103
405 141 46 109
152 153 46 107
103 162 46 110
212 173 46 108
362 182 46 105
111 209 46 111
214 209 46 106
243 213 46 112
299 214 46 115
385 220 46 169
41 226 46 165
185 227 46 113
12 231 46 16
421 239 46 116
273 241 46 117
278 261 46 114
359 283 46 22
90 285 46 118
249 288 46 120
10 316 46 123
69 335 46 26
307 356 46 125
485 372 46 29
273 379 46 127
230 380 46 130
216 387 46 126
252 389 46 128
324 404 46 132
457 407 46 131
358 415 46 174
488 414 46 150
236 424 46 176
215 433 46 38
350 458 46 134
267 493 46 42
363 496 46 37
418 500 46 136
502 503 46 43
320 24 47 101
23 116 47 1
499 122 47 2
285 127 47 102
446 134 47 104
241 137 47 103
404 140 47 109
154 152 47 107
103 161 47 110
213 173 47 108
362 184 47 105
110 209 47 111
213 211 47 106
299 213 47 115
243 214 47 112
384 220 47 169
38 225 47 165
185 226 47 113
12 232 47 16
274 239 47 117
422 239 47 116
394 247 47 21
277 262 47 114
360 283 47 22
91 284 47 118
382 284 47 23
248 288 47 120
10 316 47 123
70 335 47 26
308 356 47 125
484 373 47 29
230 380 47 130
272 380 47 127
215 388 47 126
252 390 47 128
324 404 47 132
457 408 47 131
487 413 47 150
357 417 47 174
217 432 47 38
348 457 47 134
267 493 47 42
361 497 47 37
415 502 47 136
501 502 47 43
312 508 47 45
320 24 48 101
23 116 48 1
286 127 48 102
444 134 48 104
242 139 48 103
404 138 48 109
156 151 48 107
103 161 48 110
214 175 48 108
363 184 48 105
109 209 48 111
211 212 48 106
300 212 48 115
243 215 48 112
384 218 48 169
36 225 48 165
184 225 48 113
11 233 48 16
274 238 48 117
422 239 48 116
396 244 48 21
275 262 48 114
358 282 48 22
91 284 48 118
383 284 48 23
249 288 48 120
7 315 48 123
70 333 48 26
308 356 48 125
483 373 48 29
230 380 48 130
272 380 48 127
214 387 48 126
251 389 48 128
323 404 48 132
455 407 48 131
487 413 48 150
357 417 48 174
218 431 48 38
347 456 48 134
267 493 48 42
359 497 48 37
502 501 48 43
414 503 48 136
314 507 48 45
318 24 49 101
25 116 49 1
287 127 49 102
442 131 49 104
241 138 49 103
498 137 49 177
403 138 49 109
159 152 49 107
104 160 49 110
216 176 49 108
363 184 49 105
108 209 49 111
301 211 49 115
209 215 49 106
243 217 49 112
384 217 49 169
34 225 49 165
184 226 49 113
12 233 49 16
275 237 49 117
397 241 49 178
423 240 49 116
275 263 49 114
359 283 49 22
92 284 49 118
249 288 49 120
7 314 49 123
71 331 49 26
308 356 49 125
482 373 49 29
229 379 49 130
272 381 49 127
218 389 49 126
250 392 49 128
322 404 49 132
454 407 49 131
486 412 49 150
358 418 49 174
220 432 49 38
345 455 49 134
268 492 49 42
356 497 49 37
502 498 49 43
415 503 49 136
314 505 49 45
317 25 50 101
26 116 50 1
288 127 50 102
239 134 50 103
439 132 50 104
402 138 50 109
509 139 50 177
162 152 50 107
105 159 50 110
216 177 50 108
363 185 50 105
107 208 50 111
301 208 50 115
383 215 50 169
206 216 50 106
243 218 50 112
32 224 50 165
184 226 50 113
10 236 50 16
275 236 50 117
422 240 50 116
275 263 50 114
92 282 50 118
359 282 50 22
249 289 50 120
8 313 50 123
72 329 50 26
308 355 50 125
483 372 50 29
230 381 50 130
271 382 50 127
249 394 50 128
321 404 50 132
452 407 50 131
486 412 50 150
357 419 50 174
223 433 50 38
343 455 50 134
269 491 50 42
352 497 50 37
501 497 50 43
416 499 50 136
314 505 50 45
400 504 50 179
316 26 51 101
27 116 51 1
289 128 51 102
440 133 51 104
241 136 51 180
402 138 51 109
244 140 51 103
167 152 51 107
107 157 51 110
217 179 51 108
364 185 51 105
105 206 51 111
302 207 51 115
382 214 51 169
204 217 51 106
243 219 51 112
29 222 51 165
183 225 51 113
275 234 51 117
10 238 51 16
423 239 51 116
396 240 51 20
275 263 51 114
92 280 51 118
359 282 51 22
380 283 51 25
249 289 51 120
7 312 51 123
73 327 51 26
307 355 51 125
482 372 51 29
229 380 51 130
271 382 51 127
250 392 51 128
320 405 51 132
451 407 51 131
485 412 51 150
356 419 51 174
226 433 51 38
341 453 51 134
268 491 51 42
501 495 51 43
349 497 51 37
415 499 51 136
314 505 51 45
400 505 51 181
255 2 52 0
315 25 52 101
27 116 52 1
290 129 52 102
439 132 52 104
401 137 52 109
244 141 52 103
171 154 52 107
108 157 52 110
218 181 52 108
363 186 52 105
105 206 52 111
303 207 52 115
383 212 52 169
202 219 52 106
24 221 52 165
243 222 52 112
182 224 52 113
275 232 52 117
10 238 52 16
398 239 52 20
422 241 52 116
274 264 52 114
93 279 52 118
358 282 52 22
248 288 52 120
5 312 52 123
74 326 52 26
308 355 52 125
480 373 52 29
228 379 52 130
269 383 52 127
248 394 52 128
319 406 52 132
451 407 52 131
485 412 52 150
356 418 52 174
228 434 52 38
340 453 52 134
270 489 52 42
501 494 52 43
348 497 52 37
411 500 52 136
313 505 52 45
402 505 52 182
254 2 53 0
317 16 53 1
315 26 53 101
28 116 53 1
291 131 53 102
437 131 53 104
507 136 53 6
400 138 53 109
246 144 53 103
174 154 53 107
107 157 53 110
219 183 53 108
363 187 53 105
104 206 53 111
303 206 53 115
381 211 53 169
24 219 53 165
182 223 53 113
200 222 53 106
242 223 53 112
274 230 53 117
397 239 53 20
9 240 53 16
421 241 53 116
273 265 53 114
94 279 53 118
358 283 53 22
248 289 53 120
4 312 53 123
74 324 53 26
308 357 53 125
482 371 53 29
228 379 53 130
269 384 53 127
233 394 53 183
236 394 53 35
248 399 53 128
319 406 53 132
452 407 53 131
484 412 53 150
356 418 53 174
229 435 53 38
339 453 53 134
272 489 53 42
501 495 53 43
347 497 53 37
411 500 53 136
313 506 53 45
253 2 54 0
314 25 54 1
29 116 54 1
292 131 54 102
435 132 54 104
400 137 54 109
247 146 54 103
107 156 54 110
178 156 54 107
220 185 54 108
364 187 54 105
305 204 54 115
104 207 54 111
380 210 54 169
20 219 54 165
182 221 54 113
198 223 54 106
243 225 54 112
276 227 54 117
397 238 54 20
9 241 54 16
421 243 54 116
273 266 54 114
94 277 54 118
358 283 54 22
378 283 54 27
248 289 54 120
4 310 54 123
75 322 54 26
308 357 54 125
481 370 54 29
228 379 54 130
269 384 54 127
236 394 54 184
249 401 54 128
319 406 54 132
452 407 54 131
484 412 54 150
356 418 54 174
230 436 54 38
339 452 54 134
273 487 54 42
360 489 54 185
346 497 54 37
500 496 54 43
415 504 54 136
313 506 54 45
250 509 54 186
253 2 55 0
313 25 55 1
29 116 55 1
293 131 55 102
435 132 55 104
401 136 55 109
250 150 55 103
106 156 55 110
183 157 55 107
223 186 55 108
364 186 55 105
306 202 55 115
104 207 55 111
181 219 55 113
17 220 55 165
196 224 55 106
243 226 55 112
277 227 55 117
399 238 55 20
10 241 55 16
421 243 55 116
273 266 55 114
92 275 55 118
379 283 55 27
358 285 55 22
248 289 55 120
4 310 55 123
76 319 55 26
307 357 55 125
482 369 55 29
228 379 55 130
268 385 55 127
236 395 55 184
249 402 55 128
319 405 55 132
451 406 55 131
484 411 55 150
356 417 55 174
231 436 55 38
338 452 55 134
273 487 55 42
344 496 55 37
498 497 55 43
414 502 55 136
314 505 55 45
251 508 55 187
253 509 55 186
252 4 56 0
313 25 56 1
28 116 56 1
294 131 56 102
434 133 56 104
399 136 56 109
251 153 56 103
189 158 56 107
365 186 56 105
224 188 56 108
307 201 56 115
103 207 56 111
181 217 56 113
14 220 56 165
194 226 56 106
242 226 56 112
276 228 56 117
398 237 56 20
420 242 56 116
10 244 56 16
274 267 56 114
92 273 56 118
378 283 56 27
356 285 56 22
247 288 56 120
76 317 56 26
307 356 56 125
480 370 56 29
227 380 56 130
267 385 56 127
237 395 56 184
249 403 56 128
320 405 56 132
450 406 56 131
484 411 56 150
356 417 56 174
233 438 56 38
336 451 56 134
274 486 56 42
359 489 56 188
342 496 56 37
497 498 56 43
414 502 56 136
314 505 56 45
249 508 56 187
252 7 57 0
321 13 57 1
312 25 57 1
28 116 57 1
295 132 57 102
433 134 57 104
399 136 57 109
252 155 57 103
194 161 57 107
364 186 57 105
226 188 57 108
307 201 57 115
103 206 57 111
179 215 57 113
13 222 57 165
242 227 57 112
194 228 57 106
275 228 57 117
397 237 57 20
10 244 57 16
420 244 57 116
274 268 57 114
91 272 57 118
378 282 57 27
356 285 57 22
246 288 57 120
77 315 57 26
307 356 57 125
477 371 57 29
225 381 57 130
266 386 57 127
236 398 57 184
249 405 57 128
318 406 57 132
450 406 57 131
484 411 57 150
355 418 57 174
233 439 57 38
333 451 57 134
274 487 57 42
340 497 57 37
495 499 57 43
414 503 57 136
313 505 57 45
406 506 57 189
251 8 58 0
321 13 58 1
311 24 58 1
28 115 58 1
298 132 58 102
399 135 58 109
433 135 58 104
252 156 58 103
199 162 58 107
363 185 58 105
227 189 58 108
308 200 58 115
102 206 58 111
178 213 58 113
11 223 58 165
275 226 58 117
192 229 58 106
242 228 58 112
398 236 58 20
10 244 58 16
419 245 58 116
273 268 58 114
91 270 58 118
379 281 58 27
355 285 58 22
245 287 58 120
78 312 58 26
307 356 58 125
476 372 58 29
223 380 58 130
265 387 58 127
235 399 58 184
249 402 58 128
318 407 58 132
450 406 58 131
484 411 58 150
355 418 58 174
234 440 58 38
330 451 58 134
272 486 58 42
358 489 58 42
340 497 58 37
491 501 58 43
415 502 58 136
314 504 58 45
404 505 58 189
252 10 59 0
322 13 59 1
312 24 59 1
28 115 59 1
299 133 59 102
400 134 59 109
433 134 59 104
254 157 59 103
204 165 59 107
364 186 59 105
229 190 59 108
309 199 59 115
102 206 59 111
179 211 59 113
11 223 59 165
276 226 59 117
190 229 59 106
242 228 59 112
398 234 59 20
10 246 59 16
417 246 59 116
273 269 59 114
92 270 59 118
381 280 59 27
354 284 59 22
245 287 59 120
81 309 59 26
307 357 59 125
473 373 59 29
222 381 59 130
265 388 59 127
238 402 59 184
249 407 59 128
317 407 59 132
449 406 59 131
484 411 59 150
354 419 59 174
236 441 59 38
326 451 59 134
250 466 59 190
272 485 59 42
359 489 59 42
340 498 59 37
314 503 59 45
490 502 59 43
417 504 59 136
404 506 59 189
252 12 60 0
322 12 60 1
311 25 60 1
28 115 60 1
300 133 60 102
398 134 60 109
433 134 60 104
255 158 60 103
207 166 60 107
364 187 60 105
231 190 60 108
310 199 60 115
101 207 60 111
179 209 60 113
11 223 60 165
276 226 60 117
242 229 60 112
190 230 60 106
399 234 60 20
417 247 60 116
9 248 60 16
93 268 60 118
273 269 60 114
380 280 60 27
355 285 60 22
245 287 60 120
83 306 60 26
307 357 60 125
471 374 60 29
221 381 60 130
265 389 60 127
238 404 60 184
317 407 60 132
449 406 60 131
249 410 60 128
483 411 60 150
354 418 60 174
238 443 60 38
324 450 60 134
252 468 60 190
275 483 60 42
359 490 60 42
339 499 60 37
489 501 60 43
314 503 60 45
419 505 60 136
403 507 60 189
325 10 61 1
252 14 61 0
309 25 61 1
28 115 61 1
302 134 61 102
398 134 61 109
433 135 61 104
109 151 61 7
256 159 61 103
211 167 61 107
364 188 61 105
232 191 61 108
311 198 61 115
378 200 61 13
101 206 61 111
180 208 61 113
11 224 61 165
277 227 61 117
242 229 61 112
190 230 61 106
400 234 61 20
417 247 61 116
9 248 61 16
93 266 61 118
273 269 61 114
378 279 61 27
244 285 61 120
354 286 61 22
84 302 61 26
307 357 61 125
470 374 61 29
221 381 61 130
264 388 61 127
235 404 61 184
316 407 61 132
449 406 61 131
250 411 61 128
484 412 61 150
355 418 61 174
240 444 61 38
322 450 61 134
252 467 61 190
274 481 61 42
358 490 61 42
339 499 61 37
487 501 61 43
315 502 61 45
404 507 61 189
418 506 61 136
325 12 62 1
253 17 62 0
309 24 62 1
27 114 62 1
398 133 62 109
302 135 62 102
432 136 62 104
256 161 62 103
215 169 62 107
363 188 62 105
233 192 62 108
312 198 62 115
379 198 62 13
181 205 62 113
100 206 62 111
11 224 62 165
277 227 62 117
189 230 62 106
242 230 62 112
401 232 62 20
417 247 62 116
11 249 62 16
93 266 62 118
274 268 62 114
378 281 62 27
244 285 62 120
354 287 62 22
87 299 62 26
308 358 62 125
469 374 62 29
220 381 62 130
264 387 62 127
236 406 62 184
450 407 62 131
315 408 62 132
250 413 62 128
484 412 62 150
355 419 62 174
242 446 62 38
321 450 62 134
252 470 62 190
277 479 62 42
357 491 62 42
338 500 62 37
484 501 62 43
314 502 62 45
404 507 62 189
417 507 62 136
324 13 63 1
251 17 63 0
308 25 63 1
26 114 63 1
397 132 63 109
302 135 63 102
432 137 63 104
112 150 63 7
257 161 63 103
217 171 63 107
364 189 63 105
233 194 63 108
312 197 63 115
380 197 63 13
181 205 63 113
100 206 63 111
11 225 63 165
277 228 63 117
188 230 63 106
242 231 63 112
401 233 63 20
416 248 63 116
12 251 63 16
93 264 63 118
273 269 63 114
379 282 63 27
243 284 63 120
353 288 63 22
87 296 63 26
307 358 63 125
220 382 63 130
262 388 63 127
235 407 63 184
451 407 63 131
314 408 63 132
483 412 63 150
250 414 63 128
355 419 63 174
243 447 63 38
320 450 63 134
253 477 63 190
272 478 63 42
357 489 63 42
337 500 63 37
315 502 63 45
482 502 63 43
403 507 63 189
417 508 63 136
500 509 63 191
323 13 64 1
251 18 64 0
307 26 64 1
25 114 64 1
396 132 64 109
302 135 64 102
432 137 64 104
112 152 64 7
259 164 64 103
219 172 64 107
362 190 64 105
234 194 64 108
313 196 64 115
379 198 64 13
181 203 64 113
99 206 64 111
9 226 64 165
186 229 64 106
242 229 64 112
278 228 64 117
399 231 64 20
414 249 64 116
12 252 64 16
94 264 64 118
273 270 64 114
379 282 64 27
243 285 64 120
353 287 64 22
88 293 64 26
305 359 64 125
465 375 64 31
219 381 64 130
261 390 64 127
451 407 64 131
234 409 64 184
313 408 64 132
483 412 64 150
250 416 64 128
355 419 64 174
244 449 64 38
319 450 64 134
274 472 64 42
253 481 64 190
357 491 64 42
337 500 64 37
314 502 64 45
480 502 64 43
402 506 64 189
416 508 64 136
499 508 64 191
318 11 65 1
252 19 65 0
306 26 65 1
26 114 65 1
396 132 65 109
303 136 65 102
434 137 65 104
111 151 65 7
259 165 65 103
222 174 65 107
362 191 65 105
235 196 65 108
315 196 65 115
379 198 65 13
181 201 65 113
100 206 65 111
10 228 65 165
186 229 65 106
242 230 65 112
277 230 65 117
399 230 65 20
414 249 65 116
11 252 65 16
95 264 65 118
273 270 65 114
379 283 65 27
241 284 65 120
352 286 65 22
91 291 65 26
304 359 65 125
218 380 65 130
259 390 65 127
452 407 65 131
312 409 65 132
234 410 65 184
499 410 65 36
483 413 65 150
349 414 65 174
250 417 65 128
246 451 65 38
317 450 65 134
275 470 65 42
253 480 65 190
356 492 65 42
335 501 65 37
315 502 65 45
479 503 65 43
399 505 65 189
498 507 65 191
415 508 65 136
317 11 66 1
252 20 66 0
305 25 66 1
26 114 66 1
394 132 66 109
303 136 66 102
434 136 66 104
112 150 66 7
258 164 66 103
224 176 66 107
362 192 66 105
316 195 66 115
236 196 66 108
380 198 66 13
181 200 66 113
99 205 66 111
9 229 66 165
186 229 66 106
242 231 66 112
279 231 66 117
399 230 66 20
414 248 66 116
12 252 66 16
95 263 66 118
274 270 66 114
241 284 66 120
378 284 66 27
352 287 66 22
91 291 66 26
303 359 66 125
463 373 66 192
215 380 66 130
259 393 66 127
455 407 66 131
350 409 66 174
233 410 66 184
309 411 66 132
499 411 66 36
482 413 66 150
250 418 66 128
315 450 66 134
247 453 66 38
274 471 66 42
253 482 66 190
357 492 66 42
315 502 66 45
334 502 66 37
392 503 66 189
477 502 66 43
498 505 66 191
415 508 66 136
316 11 67 1
254 23 67 0
305 24 67 1
27 114 67 1
393 132 67 109
303 136 67 102
433 136 67 104
114 150 67 7
262 170 67 103
227 178 67 107
362 192 67 105
316 195 67 115
181 197 67 113
239 196 67 108
380 198 67 13
99 204 67 111
187 229 67 106
11 230 67 165
243 231 67 112
399 231 67 20
280 232 67 117
414 249 67 116
12 251 67 16
96 263 67 118
274 269 67 114
240 283 67 120
378 285 67 27
352 287 67 22
91 291 67 26
302 359 67 125
460 373 67 192
214 380 67 130
259 393 67 127
463 405 67 131
351 406 67 174
233 410 67 184
498 411 67 193
307 412 67 132
483 413 67 150
251 420 67 128
314 450 67 134
248 453 67 38
254 483 67 190
360 491 67 42
315 502 67 45
335 503 67 37
387 502 67 189
476 502 67 43
496 503 67 191
316 11 68 1
304 23 68 1
255 25 68 0
26 113 68 1
393 132 68 109
301 137 68 102
434 137 68 104
115 148 68 7
263 172 68 103
229 179 68 107
362 193 68 105
182 194 68 113
316 194 68 115
240 196 68 108
380 198 68 13
98 202 68 111
187 228 68 106
243 230 68 112
399 231 68 20
11 233 68 165
277 234 68 117
413 249 68 116
11 252 68 16
96 263 68 118
274 268 68 114
239 282 68 120
377 285 68 27
352 287 68 22
89 293 68 26
301 360 68 125
460 373 68 192
216 379 68 130
257 393 68 127
353 402 68 194
468 408 68 131
233 411 68 184
347 410 68 174
484 411 68 150
306 412 68 132
250 421 68 128
313 450 68 134
245 456 68 38
281 467 68 41
255 486 68 190
362 491 68 42
315 502 68 45
475 503 68 43
497 502 68 191
335 504 68 37
389 504 68 189
417 509 68 49
316 10 69 1
303 23 69 1
256 27 69 0
25 112 69 1
392 132 69 109
301 136 69 102
434 138 69 104
116 145 69 7
264 173 69 103
230 180 69 107
184 195 69 113
316 194 69 115
361 194 69 105
240 197 69 108
378 197 69 13
97 202 69 111
243 231 69 112
397 230 69 20
12 233 69 165
278 234 69 117
413 249 69 116
10 252 69 16
96 261 69 118
274 269 69 114
237 281 69 120
351 287 69 22
377 286 69 27
87 294 69 26
300 361 69 125
461 373 69 192
215 380 69 130
354 400 69 194
472 406 69 131
234 411 69 184
305 411 69 132
481 411 69 150
350 413 69 174
250 423 69 128
312 451 69 134
255 486 69 190
360 491 69 42
496 501 69 191
316 502 69 45
386 503 69 189
473 502 69 43
336 504 69 37
316 10 70 1
302 22 70 1
256 29 70 0
25 113 70 1
390 132 70 109
302 137 70 102
435 140 70 104
117 145 70 7
266 177 70 103
230 182 70 107
183 194 70 195
316 194 70 115
361 196 70 105
241 198 70 108
377 199 70 13
96 201 70 111
14 229 70 165
397 230 70 20
243 232 70 112
277 237 70 117
413 250 70 116
10 254 70 16
96 259 70 118
274 270 70 114
237 281 70 120
350 287 70 22
377 287 70 27
86 295 70 26
299 361 70 125
462 373 70 192
213 380 70 130
259 395 70 33
354 401 70 194
466 408 70 131
234 412 70 184
305 412 70 132
484 413 70 196
352 415 70 174
250 425 70 128
508 440 70 197
312 451 70 134
247 457 70 198
248 459 70 199
255 486 70 190
363 492 70 42
473 501 70 43
496 500 70 191
315 502 70 45
384 503 70 189
336 507 70 37
318 11 71 1
303 22 71 1
257 29 71 0
25 112 71 1
389 134 71 109
304 137 71 102
437 140 71 104
122 145 71 7
267 178 71 103
231 183 71 107
186 195 71 195
318 194 71 115
361 197 71 105
241 199 71 108
378 198 71 13
96 200 71 111
184 222 71 17
16 228 71 165
397 230 71 20
243 232 71 112
277 238 71 117
413 250 71 116
8 253 71 16
95 256 71 118
274 271 71 114
237 280 71 120
351 286 71 22
377 288 71 27
86 295 71 26
298 361 71 125
464 373 71 192
214 380 71 130
259 393 71 33
354 400 71 194
466 406 71 131
305 411 71 132
233 412 71 184
482 413 71 196
351 415 71 174
250 426 71 128
311 452 71 134
251 461 71 199
285 465 71 43
255 487 71 190
363 492 71 42
471 500 71 43
496 500 71 191
316 502 71 45
382 503 71 189
337 507 71 37
319 11 72 1
303 22 72 1
258 31 72 0
24 113 72 1
388 133 72 109
304 137 72 102
437 142 72 104
124 144 72 7
267 179 72 103
232 184 72 107
184 193 72 195
318 194 72 115
379 198 72 13
360 198 72 105
94 200 72 111
242 200 72 108
20 224 72 165
397 229 72 20
243 232 72 112
276 240 72 117
412 251 72 116
10 255 72 16
94 254 72 118
274 271 72 114
234 279 72 120
348 284 72 22
377 289 72 27
85 296 72 26
296 361 72 125
463 372 72 192
213 379 72 130
257 395 72 200
262 394 72 33
353 399 72 194
465 408 72 131
231 411 72 184
304 411 72 132
352 413 72 174
481 413 72 196
249 427 72 128
311 452 72 134
251 463 72 199
283 464 72 43
255 488 72 190
363 491 72 201
360 492 72 42
473 499 72 43
496 500 72 191
316 502 72 45
378 502 72 189
319 8 73 1
302 22 73 1
260 34 73 0
24 113 73 1
387 132 73 109
306 137 73 102
124 144 73 7
437 145 73 104
267 180 73 103
233 186 73 107
186 194 73 195
317 194 73 115
360 198 73 105
92 200 73 111
242 200 73 108
23 223 73 165
396 230 73 20
243 232 73 112
94 251 73 118
411 251 73 116
11 255 73 16
273 270 73 114
230 278 73 120
350 286 73 22
376 289 73 27
83 297 73 26
295 362 73 125
461 373 73 192
447 375 73 202
213 379 73 130
354 398 73 194
304 411 73 132
233 413 73 184
352 413 73 174
466 413 73 131
479 413 73 196
249 427 73 128
507 434 73 43
313 451 73 134
280 464 73 43
253 466 73 199
254 489 73 190
362 491 73 42
472 499 73 43
496 501 73 191
316 502 73 45
373 502 73 189
320 5 74 1
305 18 74 1
260 35 74 0
23 112 74 1
384 134 74 109
308 138 74 102
127 144 74 7
439 146 74 104
267 181 74 103
234 187 74 107
188 195 74 195
318 195 74 115
380 195 74 13
90 199 74 111
359 199 74 105
28 221 74 165
396 230 74 20
243 232 74 112
96 249 74 118
411 251 74 116
13 257 74 16
273 270 74 114
228 276 74 120
352 284 74 22
377 290 74 27
83 297 74 26
294 362 74 125
446 375 74 202
460 374 74 192
212 379 74 130
355 391 74 194
254 395 74 32
304 411 74 132
464 410 74 131
232 413 74 184
351 413 74 174
480 413 74 196
249 428 74 128
504 435 74 43
317 451 74 134
280 464 74 43
254 467 74 199
255 491 74 190
357 495 74 42
472 497 74 43
372 500 74 189
496 501 74 191
317 502 74 45
322 5 75 1
307 15 75 1
260 35 75 0
22 112 75 1
381 134 75 109
311 138 75 102
128 141 75 7
440 148 75 104
269 182 75 103
235 189 75 107
193 193 75 195
319 194 75 115
382 194 75 13
89 197 75 111
249 196 75 13
359 200 75 105
36 217 75 165
396 231 75 20
243 233 75 112
96 246 75 118
411 252 75 116
14 257 75 16
272 271 75 114
227 275 75 120
353 284 75 22
377 289 75 27
83 297 75 26
293 363 75 125
459 375 75 192
212 379 75 130
356 388 75 194
255 394 75 32
464 409 75 131
304 410 75 132
232 413 75 184
351 412 75 174
480 413 75 196
248 430 75 128
504 434 75 43
318 450 75 134
281 463 75 43
254 467 75 199
255 492 75 190
357 495 75 42
473 496 75 43
371 499 75 189
497 501 75 191
317 502 75 45
321 5 76 1
307 13 76 1
259 36 76 0
21 111 76 1
379 135 76 109
130 139 76 7
313 138 76 102
440 149 76 104
270 183 76 103
236 191 76 107
196 192 76 195
320 193 76 115
381 192 76 13
88 194 76 111
255 199 76 13
358 201 76 105
43 217 76 165
396 229 76 20
244 233 76 112
96 242 76 118
411 252 76 116
17 259 76 16
272 271 76 114
226 275 76 120
353 283 76 203
357 283 76 22
377 289 76 27
83 297 76 26
292 363 76 125
456 376 76 192
212 379 76 130
356 385 76 194
255 397 76 32
304 410 76 132
464 410 76 131
352 412 76 174
480 412 76 196
233 415 76 184
248 431 76 128
504 434 76 43
320 450 76 134
283 464 76 43
254 468 76 199
255 492 76 190
472 495 76 43
357 496 76 42
370 499 76 189
497 501 76 191
318 502 76 45
309 5 77 204
320 5 77 1
304 21 77 1
258 36 77 0
21 110 77 1
377 135 77 109
131 139 77 7
313 139 77 102
440 150 77 104
272 185 77 103
381 191 77 13
88 192 77 111
198 193 77 195
236 192 77 107
320 192 77 115
257 200 77 13
359 200 77 105
46 217 77 165
397 227 77 20
244 230 77 112
94 239 77 118
411 251 77 116
16 258 77 16
271 271 77 114
225 274 77 120
348 283 77 203
362 284 77 22
378 285 77 27
81 301 77 26
292 363 77 125
453 377 77 192
210 379 77 130
356 381 77 194
439 380 77 205
303 411 77 132
463 410 77 131
351 412 77 174
482 412 77 196
234 415 77 184
247 433 77 128
503 433 77 43
316 449 77 206
328 450 77 134
283 463 77 43
254 469 77 199
254 493 77 190
472 495 77 43
356 496 77 42
368 497 77 189
496 499 77 191
318 501 77 45
309 5 78 204
325 4 78 1
305 22 78 1
259 37 78 0
21 110 78 1
374 136 78 109
134 138 78 7
313 141 78 102
439 152 78 104
273 185 78 103
381 189 78 13
88 190 78 111
199 193 78 195
237 192 78 107
321 192 78 115
257 200 78 13
358 201 78 105
46 216 78 165
396 225 78 20
244 231 78 112
94 235 78 118
411 251 78 116
17 259 78 16
271 271 78 114
223 273 78 120
364 275 78 22
348 282 78 203
80 302 78 26
290 365 78 125
451 377 78 192
209 379 78 130
358 379 78 194
434 381 78 205
464 410 78 131
303 412 78 132
351 413 78 174
483 412 78 196
234 417 78 184
502 432 78 43
246 434 78 128
316 449 78 206
328 452 78 134
283 463 78 43
254 471 78 199
471 493 78 43
253 494 78 190
358 497 78 207
367 497 78 189
495 498 78 191
317 501 78 45
309 4 79 204
325 6 79 1
307 26 79 1
259 38 79 0
21 110 79 1
374 136 79 109
134 138 79 7
310 142 79 102
439 152 79 104
380 185 79 13
87 186 79 111
275 187 79 103
199 193 79 195
322 192 79 115
237 195 79 107
357 202 79 105
260 204 79 13
47 215 79 165
397 225 79 20
94 229 79 118
245 230 79 112
411 251 79 116
18 259 79 16
386 268 79 25
220 272 79 120
270 272 79 114
364 275 79 22
349 282 79 203
79 305 79 26
289 365 79 125
210 378 79 130
357 378 79 194
432 379 79 205
450 378 79 192
465 410 79 131
483 411 79 196
303 413 79 132
351 413 79 174
232 415 79 184
502 432 79 43
246 435 79 128
314 450 79 206
326 455 79 134
283 463 79 43
255 472 79 199
470 492 79 43
252 495 79 190
355 497 79 208
368 498 79 189
495 498 79 191
317 501 79 45
48 508 79 51
309 4 80 204
322 5 80 1
307 26 80 1
257 38 80 0
21 110 80 1
136 137 80 7
375 137 80 109
305 142 80 102
439 154 80 104
87 183 80 111
275 187 80 103
380 186 80 13
201 193 80 195
322 193 80 115
236 198 80 107
357 202 80 105
266 207 80 13
49 213 80 165
397 224 80 20
92 227 80 118
244 231 80 112
411 251 80 116
18 260 80 16
389 265 80 25
218 271 80 120
270 272 80 114
364 276 80 22
349 283 80 203
76 308 80 26
289 367 80 125
356 376 80 194
211 378 80 130
447 379 80 192
250 399 80 209
464 410 80 131
485 411 80 196
233 415 80 184
303 414 80 132
351 414 80 174
502 432 80 43
247 437 80 128
313 451 80 206
325 456 80 134
285 459 80 43
256 475 80 199
471 491 80 43
257 497 80 190
494 496 80 191
367 498 80 189
317 501 80 45
48 508 80 51
312 3 81 204
308 29 81 1
256 39 81 0
20 110 81 1
138 137 81 7
374 138 81 109
301 142 81 102
441 156 81 104
88 179 81 111
380 187 81 13
276 189 81 103
323 193 81 115
200 194 81 195
235 201 81 107
356 204 81 105
267 208 81 13
183 211 81 16
51 214 81 165
397 225 81 20
91 226 81 118
244 231 81 112
411 251 81 116
17 263 81 16
390 264 81 25
216 270 81 120
270 273 81 114
364 277 81 22
349 284 81 203
72 311 81 26
288 368 81 125
357 377 81 194
210 378 81 130
444 381 81 192
254 399 81 209
465 411 81 131
485 411 81 196
351 413 81 174
232 415 81 184
304 414 81 132
501 433 81 43
247 443 81 128
313 451 81 206
286 455 81 43
324 457 81 134
256 477 81 199
470 492 81 43
493 496 81 191
257 499 81 190
367 498 81 189
318 501 81 45
48 507 81 51
312 2 82 204
307 29 82 1
256 40 82 0
21 111 82 1
139 137 82 7
375 140 82 109
303 144 82 102
440 158 82 104
89 177 82 111
380 182 82 13
277 191 82 103
203 195 82 195
324 195 82 115
232 204 82 107
356 206 82 105
181 210 82 16
268 211 82 210
254 212 82 13
53 214 82 165
90 225 82 118
397 226 82 20
244 231 82 112
411 252 82 116
391 260 82 211
15 264 82 16
215 270 82 120
388 271 82 25
269 273 82 114
365 279 82 22
348 285 82 203
69 314 82 26
287 369 82 125
357 376 82 194
210 378 82 130
441 382 82 192
254 399 82 209
465 412 82 131
485 412 82 196
304 415 82 132
350 414 82 174
233 417 82 184
501 434 82 43
311 453 82 206
324 459 82 134
257 479 82 199
470 493 82 43
494 495 82 191
366 498 82 189
257 501 82 190
317 501 82 45
48 507 82 51
308 30 83 1
255 40 83 0
20 110 83 1
140 136 83 7
304 144 83 102
374 144 83 109
439 158 83 104
91 174 83 111
379 181 83 13
274 189 83 103
325 195 83 115
205 196 83 195
230 206 83 107
356 206 83 105
181 209 83 16
269 210 83 210
52 214 83 165
252 216 83 13
89 223 83 118
398 226 83 20
244 231 83 112
412 252 83 116
392 259 83 211
14 265 83 16
389 268 83 25
213 269 83 120
269 272 83 114
366 278 83 22
348 285 83 203
68 314 83 26
287 371 83 125
357 376 83 194
210 378 83 130
439 384 83 192
254 399 83 209
464 412 83 131
485 413 83 196
351 416 83 174
233 418 83 184
305 418 83 132
500 435 83 43
286 453 83 44
324 459 83 134
253 479 83 199
471 491 83 43
494 495 83 191
365 499 83 189
257 501 83 190
317 501 83 45
48 505 83 51
308 29 84 1
255 40 84 0
19 108 84 1
143 135 84 7
308 138 84 212
379 145 84 109
300 152 84 102
439 156 84 104
92 171 84 111
379 181 84 13
273 188 84 103
325 195 84 115
206 196 84 195
230 206 84 107
355 208 84 105
52 211 84 165
182 210 84 16
270 210 84 210
253 216 84 213
88 220 84 118
398 225 84 20
245 230 84 112
288 234 84 20
413 251 84 116
393 255 84 211
12 265 84 16
390 266 84 25
212 268 84 120
268 272 84 114
366 277 84 22
347 285 84 203
67 315 84 26
287 370 84 125
357 375 84 194
210 377 84 130
439 384 84 192
253 399 84 209
486 411 84 196
465 412 84 131
305 416 84 132
352 417 84 174
233 418 84 184
499 434 84 43
251 450 84 214
286 455 84 44
311 454 84 215
324 458 84 134
260 487 84 199
472 490 84 43
495 493 84 191
365 498 84 189
316 501 84 45
49 503 84 51
258 502 84 190
184 509 84 53
308 28 85 1
255 41 85 0
19 108 85 1
144 135 85 7
309 137 85 212
379 148 85 109
444 151 85 104
296 156 85 102
432 164 85 216
93 166 85 111
378 184 85 13
272 187 85 103
326 195 85 115
207 196 85 195
228 208 85 107
356 208 85 105
52 211 85 165
269 211 85 210
184 213 85 16
253 216 85 217
89 219 85 118
398 226 85 20
244 230 85 112
287 238 85 20
413 250 85 116
395 252 85 211
389 265 85 25
267 267 85 114
10 268 85 16
211 268 85 120
366 279 85 22
347 284 85 203
65 315 85 26
287 371 85 125
357 375 85 194
210 377 85 130
439 384 85 192
254 399 85 209
486 411 85 196
464 412 85 131
305 415 85 132
351 417 85 174
234 419 85 184
496 435 85 43
250 448 85 214
310 453 85 215
286 456 85 44
324 456 85 134
469 491 85 43
494 491 85 191
364 498 85 189
315 501 85 45
49 502 85 51
184 507 85 53
308 28 86 1
256 43 86 0
17 108 86 1
147 135 86 7
309 138 86 212
379 152 86 109
444 153 86 104
295 160 86 102
95 164 86 111
431 166 86 216
377 185 86 13
271 186 86 103
326 195 86 115
208 196 86 195
355 209 86 105
225 210 86 107
271 211 86 210
51 212 86 165
184 213 86 16
89 217 86 118
398 225 86 20
244 229 86 112
289 237 86 20
395 250 86 211
413 250 86 116
268 263 86 114
390 265 86 25
209 267 86 120
7 271 86 16
366 279 86 22
346 285 86 203
62 316 86 26
286 372 86 125
358 374 86 194
209 377 86 130
440 386 86 192
254 400 86 209
462 413 86 131
487 412 86 196
305 415 86 132
501 415 86 38
233 419 86 184
351 418 86 174
493 437 86 43
249 451 86 214
285 454 86 44
308 454 86 215
323 457 86 134
369 484 86 218
467 491 86 43
494 491 86 191
364 499 86 189
49 502 86 51
317 503 86 45
183 505 86 53
308 28 87 1
256 44 87 0
17 107 87 1
148 135 87 7
307 139 87 212
380 156 87 109
444 156 87 104
97 162 87 111
292 161 87 102
431 166 87 216
271 185 87 103
375 185 87 13
209 197 87 195
327 196 87 115
223 211 87 107
356 210 87 105
53 212 87 165
184 212 87 16
271 212 87 219
90 215 87 118
253 214 87 210
398 225 87 20
244 229 87 112
290 237 87 20
397 247 87 211
413 249 87 116
268 261 87 114
390 264 87 25
208 266 87 120
367 279 87 22
346 284 87 203
62 316 87 26
285 373 87 125
358 373 87 194
208 377 87 130
438 386 87 192
253 400 87 209
462 413 87 131
490 412 87 196
304 415 87 132
505 416 87 38
233 419 87 184
351 418 87 174
436 425 87 220
489 439 87 43
250 450 87 214
286 453 87 44
308 453 87 215
324 457 87 134
368 483 87 218
465 490 87 43
493 492 87 221
364 499 87 189
50 501 87 51
318 503 87 45
182 504 87 53
484 505 87 191
260 507 87 55
306 28 88 1
256 44 88 0
17 107 88 1
148 134 88 7
304 140 88 212
384 158 88 109
445 159 88 104
99 160 88 111
292 167 88 102
429 166 88 216
268 184 88 103
374 186 88 13
210 197 88 195
328 196 88 115
231 201 88 14
221 211 88 107
54 212 88 165
91 212 88 118
184 212 88 16
272 212 88 219
355 212 88 105
398 222 88 20
245 230 88 112
290 236 88 20
415 243 88 116
396 246 88 211
269 260 88 114
389 263 88 25
206 266 88 120
367 279 88 22
347 283 88 203
61 317 88 26
285 372 88 125
358 373 88 194
208 377 88 130
437 386 88 192
253 400 88 209
303 415 88 132
461 414 88 42
492 414 88 196
505 415 88 38
232 419 88 184
351 418 88 174
441 419 88 222
445 419 88 131
488 441 88 43
250 451 88 214
286 455 88 44
307 454 88 215
325 456 88 134
370 483 88 218
465 490 88 43
494 492 88 221
51 499 88 51
365 499 88 189
182 503 88 53
319 505 88 45
480 505 88 191
306 30 89 1
255 46 89 0
17 107 89 1
290 132 89 223
150 135 89 7
303 141 89 212
100 157 89 111
385 157 89 224
444 161 89 104
383 166 89 109
426 167 89 216
292 170 89 102
267 183 89 103
372 184 89 13
211 197 89 195
328 196 89 115
229 202 89 14
91 210 89 118
220 211 89 107
272 211 89 219
184 212 89 16
57 215 89 165
353 214 89 105
397 222 89 20
244 229 89 112
290 236 89 20
416 240 89 116
397 246 89 211
269 260 89 114
390 265 89 25
205 266 89 120
366 279 89 22
347 284 89 203
62 318 89 26
284 372 89 125
359 373 89 194
206 377 89 130
435 387 89 192
252 399 89 209
303 414 89 132
461 414 89 42
495 417 89 196
503 417 89 38
233 419 89 184
352 419 89 174
487 443 89 43
250 453 89 214
287 455 89 44
307 455 89 215
325 457 89 134
371 483 89 218
463 490 89 43
494 492 89 221
52 499 89 51
362 498 89 189
181 503 89 53
480 502 89 191
318 508 89 45
305 30 90 1
254 47 90 0
17 107 90 1
289 133 90 225
151 134 90 7
301 141 90 212
102 153 90 111
443 161 90 104
383 163 90 224
422 169 90 216
293 172 90 102
266 183 90 103
370 186 90 13
211 197 90 195
328 196 90 115
229 201 90 14
92 207 90 118
185 211 90 16
219 211 90 107
275 211 90 219
256 213 90 226
352 214 90 105
58 216 90 165
397 223 90 20
245 228 90 112
292 235 90 20
417 236 90 116
398 247 90 211
270 259 90 114
204 265 90 120
390 265 90 25
367 279 90 22
347 283 90 203
62 318 90 26
284 373 90 125
359 372 90 194
205 377 90 130
433 389 90 192
252 399 90 209
304 413 90 132
459 414 90 42
500 417 90 196
233 419 90 184
353 419 90 174
443 420 90 227
487 444 90 43
250 454 90 214
287 455 90 44
308 454 90 215
326 456 90 134
368 482 90 218
461 489 90 43
493 491 90 221
53 499 90 51
361 498 90 189
181 500 90 53
347 500 90 228
478 502 90 191
414 504 90 56
318 509 90 45
306 30 91 1
254 50 91 0
16 106 91 1
152 135 91 7
297 138 91 212
104 152 91 111
381 165 91 224
444 164 91 104
419 171 91 216
266 183 91 103
366 187 91 13
214 197 91 195
329 196 91 115
227 202 91 229
91 205 91 118
186 210 91 16
218 211 91 107
276 211 91 219
61 220 91 165
395 222 91 20
245 229 91 112
293 235 91 20
416 236 91 116
399 246 91 211
274 253 91 230
204 265 91 120
390 265 91 25
271 267 91 114
367 279 91 22
347 283 91 203
62 318 91 26
284 373 91 125
361 373 91 194
204 377 91 130
431 390 91 192
253 398 91 209
304 413 91 132
459 414 91 42
232 418 91 184
351 419 91 174
497 419 91 196
459 423 91 41
443 425 91 227
486 445 91 43
251 455 91 214
306 455 91 215
326 455 91 134
286 456 91 44
366 480 91 218
459 489 91 43
494 492 91 221
53 497 91 51
359 497 91 189
181 499 91 53
478 502 91 191
417 505 91 56
318 509 91 231
307 31 92 1
254 52 92 0
16 106 92 1
153 135 92 7
292 135 92 212
105 150 92 111
445 164 92 104
380 168 92 224
417 173 92 216
291 179 92 232
268 185 92 103
365 188 92 13
329 195 92 115
215 199 92 195
91 204 92 118
187 209 92 16
217 212 92 107
275 213 92 219
394 223 92 20
66 225 92 165
245 229 92 112
294 233 92 20
415 236 92 116
401 247 92 211
277 250 92 230
202 265 92 120
275 266 92 114
390 267 92 25
365 277 92 22
349 283 92 203
65 315 92 26
285 373 92 125
361 374 92 194
204 377 92 130
429 391 92 192
256 402 92 209
304 413 92 132
457 415 92 42
232 419 92 184
351 419 92 174
498 420 92 196
460 423 92 41
442 426 92 227
485 445 92 43
306 455 92 215
326 455 92 134
251 456 92 214
286 457 92 44
457 489 92 43
494 492 92 221
53 497 92 51
358 497 92 189
181 499 92 53
477 499 92 191
328 501 92 54
418 505 92 56
306 30 93 1
254 53 93 0
16 106 93 1
290 132 93 212
155 134 93 7
105 147 93 111
444 164 93 104
379 170 93 224
409 177 93 216
294 180 93 232
267 184 93 103
365 189 93 13
329 193 93 115
216 200 93 195
90 202 93 118
187 208 93 16
216 211 93 107
275 214 93 219
393 223 93 20
244 227 93 112
78 230 93 165
294 231 93 20
415 231 93 233
410 236 93 116
399 247 93 211
276 248 93 230
202 264 93 120
274 264 93 114
388 266 93 25
364 276 93 22
349 281 93 203
67 311 93 26
285 372 93 125
360 374 93 194
202 376 93 130
429 391 93 192
258 407 93 209
304 412 93 132
453 414 93 234
351 416 93 174
232 419 93 184
499 421 93 196
461 425 93 41
484 444 93 43
325 453 93 134
251 456 93 214
286 457 93 44
306 456 93 215
364 479 93 235
363 483 93 236
455 491 93 43
494 491 93 221
53 496 93 51
179 497 93 53
357 497 93 189
476 499 93 191
328 502 93 54
418 503 93 56
306 30 94 1
254 54 94 0
15 106 94 1
285 129 94 212
156 134 94 7
108 146 94 111
446 165 94 104
378 172 94 224
408 180 94 216
296 183 94 232
267 185 94 103
364 191 94 13
331 192 94 115
92 197 94 118
220 202 94 195
186 208 94 16
215 211 94 107
274 214 94 219
393 224 94 20
245 229 94 112
83 231 94 165
295 230 94 20
420 230 94 233
409 239 94 237
278 247 94 230
399 247 94 116
275 263 94 114
202 264 94 120
387 267 94 25
364 274 94 22
349 282 94 203
70 308 94 26
286 371 94 125
360 374 94 194
202 376 94 130
429 392 94 192
453 413 94 234
259 415 94 209
350 414 94 174
304 417 94 132
233 419 94 184
499 425 94 196
464 426 94 41
484 446 94 43
325 452 94 134
251 458 94 214
286 459 94 44
306 459 94 215
366 477 94 238
493 489 94 221
451 493 94 43
357 497 94 189
55 498 94 51
178 498 94 53
267 498 94 57
476 498 94 191
329 501 94 54
304 29 95 1
253 55 95 0
14 105 95 1
281 126 95 212
156 133 95 7
108 144 95 111
447 165 95 104
377 175 95 224
405 182 95 216
266 185 95 103
298 185 95 232
331 190 95 115
91 194 95 118
364 194 95 13
222 201 95 195
188 207 95 16
214 211 95 107
273 215 95 219
392 223 95 20
244 229 95 112
296 229 95 20
415 228 95 233
85 230 95 165
407 239 95 237
279 243 95 230
274 261 95 114
201 264 95 120
384 267 95 25
362 273 95 22
348 281 95 203
71 303 95 26
286 371 95 125
360 375 95 194
201 376 95 130
427 394 95 192
350 412 95 174
452 413 95 234
232 418 95 184
253 419 95 209
302 420 95 132
467 426 95 41
499 426 95 196
483 447 95 43
325 452 95 134
252 459 95 214
286 461 95 44
305 460 95 215
366 476 95 239
494 489 95 221
55 495 95 51
450 494 95 43
178 497 95 53
354 497 95 189
475 498 95 191
333 503 95 54
264 509 95 55
304 29 96 1
254 55 96 0
15 104 96 1
279 125 96 212
156 133 96 7
110 143 96 111
448 164 96 104
378 176 96 224
264 183 96 103
403 184 96 216
300 186 96 232
332 189 96 115
91 190 96 118
363 195 96 13
227 201 96 195
189 207 96 16
264 209 96 16
213 213 96 107
273 215 96 219
392 223 96 20
300 227 96 20
414 227 96 233
89 229 96 165
244 228 96 112
407 237 96 237
281 243 96 230
275 261 96 114
199 263 96 120
383 269 96 25
349 280 96 203
76 299 96 26
287 371 96 125
201 376 96 130
361 376 96 194
425 395 96 192
351 411 96 174
452 413 96 234
263 416 96 209
231 419 96 184
302 419 96 132
250 423 96 240
470 425 96 41
500 427 96 196
484 447 96 43
325 452 96 134
304 459 96 215
253 460 96 214
287 461 96 44
364 477 96 241
494 489 96 221
448 495 96 43
55 497 96 51
179 497 96 53
268 496 96 55
353 498 96 189
474 499 96 191
304 29 97 1
254 57 97 0
13 104 97 1
275 122 97 212
157 133 97 7
112 141 97 111
448 165 97 104
380 176 97 224
265 184 97 103
301 185 97 232
91 186 97 118
402 186 97 216
333 188 97 115
361 195 97 13
226 201 97 195
189 207 97 16
264 210 97 16
212 215 97 107
272 215 97 219
391 223 97 20
300 225 97 20
415 225 97 233
90 228 97 165
245 228 97 112
408 237 97 237
282 240 97 230
198 262 97 120
275 262 97 114
382 269 97 25
365 275 97 30
351 280 97 203
78 293 97 26
288 370 97 125
362 375 97 194
200 376 97 130
425 395 97 192
352 409 97 174
452 414 97 234
263 417 97 209
232 419 97 184
302 418 97 132
474 425 97 242
251 426 97 240
464 426 97 243
466 426 97 41
500 428 97 196
483 449 97 43
325 451 97 134
287 460 97 215
303 461 97 44
253 462 97 214
364 477 97 244
494 489 97 221
179 495 97 53
268 495 97 245
447 496 97 43
55 499 97 51
354 499 97 189
473 499 97 191
266 509 97 55
303 30 98 1
254 59 98 0
13 104 98 1
268 119 98 212
158 133 98 7
112 140 98 111
447 166 98 104
380 179 98 224
90 181 98 118
265 184 98 103
301 185 98 232
333 187 98 115
401 188 98 216
361 194 98 13
226 201 98 195
189 208 98 16
210 217 98 107
272 217 98 16
388 222 98 20
410 223 98 246
302 224 98 20
244 227 98 112
418 226 98 233
89 228 98 165
339 228 98 22
407 236 98 237
283 241 98 230
197 262 98 120
275 264 98 114
379 270 98 25
367 274 98 30
351 280 98 203
82 288 98 26
288 371 98 125
362 375 98 194
198 376 98 130
425 396 98 192
352 409 98 174
451 414 98 234
301 416 98 247
263 418 98 209
232 420 98 184
299 422 98 132
250 427 98 240
473 427 98 242
500 429 98 196
462 433 98 248
481 448 98 43
325 452 98 134
287 460 98 44
253 464 98 214
363 477 98 249
493 488 98 221
178 496 98 53
446 497 98 43
472 497 98 191
54 500 98 51
352 499 98 189
304 31 99 1
253 60 99 0
13 104 99 1
263 117 99 212
159 134 99 7
112 139 99 111
447 166 99 104
92 179 99 118
262 182 99 103
379 182 99 224
332 185 99 115
301 186 99 232
228 202 99 195
189 207 99 16
209 218 99 107
272 218 99 16
303 223 99 20
387 223 99 20
409 223 99 250
417 226 99 246
420 227 99 233
90 228 99 165
244 228 99 112
336 231 99 22
407 236 99 237
283 238 99 230
196 263 99 120
276 265 99 114
372 273 99 25
83 283 99 26
349 282 99 203
289 370 99 125
197 377 99 130
361 376 99 194
425 398 99 192
301 412 99 247
351 410 99 174
448 417 99 234
265 418 99 209
232 421 99 184
300 421 99 132
251 429 99 240
473 428 99 242
500 431 99 196
464 436 99 248
479 449 99 43
325 453 99 134
286 458 99 251
287 462 99 252
253 466 99 214
288 466 99 44
304 471 99 52
364 477 99 253
493 487 99 221
177 497 99 53
470 497 99 191
445 498 99 43
352 500 99 189
54 505 99 51
